570E+03  0.6651777E+02
  0.4169446E+02  0.8464812E+02  0.2696324E+03  0.6664233E+02
  0.4161221E+02  0.8300829E+02  0.2666741E+03  0.6645905E+02
  0.4197776E+02  0.8340698E+02  0.2726966E+03  0.6611150E+02
  0.4101318E+02  0.8556190E+02  0.2741945E+03  0.6647067E+02
  0.4184401E+02  0.8529592E+02  0.2766233E+03  0.6623438E+02
  0.4198633E+02  0.8558500E+02  0.2740387E+03  0.6648684E+02
  0.4120566E+02  0.8583041E+02  0.2762875E+03  0.6635481E+02
  0.4114355E+02  0.8556171E+02  0.2761166E+03  0.6632188E+02
  0.4126353E+02  0.8899872E+02  0.2783894E+03  0.6651883E+02
  0.4180632E+02  0.8810712E+02  0.2782442E+03  0.6647845E+02
  0.4131333E+02  0.8975266E+02  0.2779127E+03  0.6657528E+02
  0.4116772E+02  0.8866370E+02  0.2781358E+03  0.6652304E+02
  0.4105075E+02  0.8947504E+02  0.2779891E+03  0.6656495E+02
  0.4134938E+02  0.9158551E+02  0.2766145E+03  0.6662793E+02
  0.4106088E+02  0.9226748E+02  0.2767116E+03  0.6656730E+02
  0.4184375E+02  0.9121003E+02  0.2780367E+03  0.6653729E+02
  0.4196850E+02  0.9053831E+02  0.2778957E+03  0.6657202E+02
  0.4139513E+02  0.9093922E+02  0.2786777E+03  0.6649859E+02
  0.4103569E+02  0.9351985E+02  0.2733351E+03  0.6668490E+02
  0.4123243E+02  0.9457116E+02  0.2761989E+03  0.6629167E+02
  0.4140787E+02  0.9473642E+02  0.2733117E+03  0.6648396E+02
  0.4146811E+02  0.9398861E+02  0.2718689E+03  0.6672770E+02
  0.4141620E+02  0.9429703E+02  0.2713163E+03  0.6671872E+02
  0.4199426E+02  0.9783978E+02  0.2630435E+03  0.6647834E+02
  0.4174673E+02  0.9600658E+02  0.2667211E+03  0.6671465E+02
  0.4101392E+02  0.9654947E+02  0.2708893E+03  0.6625988E+02
  0.4174075E+02  0.9662217E+02  0.2646275E+03  0.6671596E+02
  0.4162385E+02  0.9563798E+02  0.2706802E+03  0.6649834E+02
  0.4189965E+02  0.9994830E+02  0.2589081E+03  0.6603183E+02
  0.4177791E+02  0.9893970E+02  0.2591992E+03  0.6639124E+02
  0.4130835E+02  0.9876527E+02  0.2567385E+03  0.6663482E+02
  0.4114112E+02  0.9973532E+02  0.2568118E+03  0.6626697E+02
  0.4164615E+02  0.9970425E+02  0.2512396E+03  0.6668299E+02
  0.4173780E+02  0.1016458E+03  0.2367373E+03  0.6685893E+02
  0.4193936E+02  0.1007790E+03  0.2448406E+03  0.6669108E+02
  0.4116070E+02  0.1013617E+03  0.2402041E+03  0.6675249E+02
  0.4183906E+02  0.1011053E+03  0.2364574E+03  0.6713463E+02
  0.4112214E+02  0.1017242E+03  0.2422472E+03  0.6643916E+02
  0.4166512E+02  0.1027933E+03  0.2209251E+03  0.6734710E+02
  0.4189764E+02  0.1027102E+03  0.2233986E+03  0.6722654E+02
  0.4151686E+02  0.1030283E+03  0.2232081E+03  0.6706683E+02
  0.4170501E+02  0.1031270E+03  0.2292080E+03  0.6661402E+02
  0.4197220E+02  0.1042292E+03  0.2293871E+03  0.6599108E+02
  0.4184686E+02  0.1061488E+03  0.2091920E+03  0.6607586E+02
  0.4104309E+02  0.1058237E+03  0.2133396E+03  0.6603573E+02
  0.4105811E+02  0.1052844E+03  0.2119158E+03  0.6646395E+02
  0.4143217E+02  0.1061941E+03  0.2124366E+03  0.6585215E+02
  0.4124676E+02  0.1064078E+03  0.2049171E+03  0.6615873E+02
  0.4126523E+02  0.1074123E+03  0.1799083E+03  0.6686937E+02
  0.4191891E+02  0.1070485E+03  0.1799409E+03  0.6713349E+02
  0.4178032E+02  0.1077908E+03  0.1888806E+03  0.6610640E+02
  0.4192491E+02  0.1079613E+03  0.1856497E+03  0.6615707E+02
  0.4198013E+02  0.1068746E+03  0.1851004E+03  0.6697365E+02
  0.4132658E+02  0.1087841E+03  0.1576583E+03  0.6695244E+02
  0.4131844E+02  0.1091271E+03  0.1575534E+03  0.6668237E+02
  0.4122383E+02  0.1089997E+03  0.1717423E+03  0.6609360E+02
  0.4142722E+02  0.1097242E+03  0.1585544E+03  0.6615311E+02
  0.4153876E+02  0.1090150E+03  0.1617903E+03  0.6656965E+02
  0.4139252E+02  0.1100606E+03  0.1362743E+03  0.6685343E+02
  0.4141253E+02  0.1104081E+03  0.1233632E+03  0.6706653E+02
  0.4192083E+02  0.1108646E+03  0.1342339E+03  0.6624474E+02
  0.4194412E+02  0.1099690E+03  0.1271173E+03  0.6730428E+02
  0.4137836E+02  0.1099796E+03  0.1421951E+03  0.6667234E+02
  0.4149629E+02  0.1120309E+03  0.9665146E+02  0.6649622E+02
  0.4152396E+02  0.1113721E+03  0.9937348E+02  0.6702505E+02
  0.4101295E+02  0.1118119E+03  0.1061277E+03  0.6640856E+02
  0.4197178E+02  0.1115472E+03  0.1059863E+03  0.6665551E+02
  0.4164825E+02  0.1116933E+03  0.1047287E+03  0.6656189E+02
  0.4142304E+02  0.1124076E+03  0.7358248E+02  0.6673950E+02
  0.4160423E+02  0.1121779E+03  0.9142925E+02  0.6650764E+02
  0.4171992E+02  0.1123852E+03  0.7552233E+02  0.6671651E+02
  0.4123709E+02  0.1128219E+03  0.9046154E+02  0.6592871E+02
  0.4117393E+02  0.1128278E+03  0.8262748E+02  0.6612419E+02
  0.4152139E+02  0.1129727E+03  0.6213507E+02  0.6643131E+02
  0.4136297E+02  0.1128835E+03  0.4425508E+02  0.6681038E+02
  0.4116454E+02  0.1130145E+03  0.5586979E+02  0.6650303E+02
  0.4169341E+02  0.1133012E+03  0.5555385E+02  0.6622817E+02
  0.4129487E+02  0.1130208E+03  0.3765800E+02  0.6675852E+02
  0.4155128E+02  0.1133877E+03  0.6842430E+01  0.6660511E+02
  0.4129232E+02  0.1134717E+03  0.3003778E+02  0.6639057E+02
  0.4171626E+02  0.1133632E+03  0.3029745E+02  0.6649599E+02
  0.4108420E+02  0.1133641E+03  0.2617011E+02  0.6653070E+02
  0.4113783E+02  0.1134233E+03  0.1361791E+02  0.6654821E+02
  0.4107334E+02  0.6762650E+02  0.2613072E+02  0.6751646E+02
  0.4196942E+02  0.6761178E+02  0.4723056E+00  0.6761174E+02
  0.4112243E+02  0.6761732E+02  0.2662228E+02  0.6750317E+02
  0.4114794E+02  0.6763685E+02  0.2207079E+02  0.6755823E+02
  0.4121628E+02  0.6754497E+02  0.2755807E+02  0.6742312E+02
  0.4192991E+02  0.6804411E+02  0.3430200E+02  0.6785097E+02
  0.4128723E+02  0.6784150E+02  0.4144308E+02  0.6756308E+02
  0.4177720E+02  0.6789530E+02  0.4787571E+02  0.6752374E+02
  0.4112743E+02  0.6801129E+02  0.4995944E+02  0.6760474E+02
  0.4193277E+02  0.6764888E+02  0.4012943E+02  0.6739017E+02
  0.4163197E+02  0.6858347E+02  0.7818634E+02  0.6757628E+02
  0.4135348E+02  0.6850175E+02  0.7779797E+02  0.6750825E+02
  0.4195232E+02  0.6848496E+02  0.7208450E+02  0.6762935E+02
  0.4143946E+02  0.6827332E+02  0.6883806E+02  0.6749948E+02
  0.4195674E+02  0.6829864E+02  0.6653122E+02  0.6757386E+02
  0.4104940E+02  0.6903588E+02  0.1033825E+03  0.6727315E+02
  0.4180108E+02  0.6961596E+02  0.1000237E+03  0.6791297E+02
  0.4120700E+02  0.6908143E+02  0.9478942E+02  0.6758455E+02
  0.4196999E+02  0.6898736E+02  0.1110642E+03  0.6697274E+02
  0.4141750E+02  0.6898926E+02  0.1083671E+03  0.6706602E+02
  0.4193831E+02  0.7009055E+02  0.1229058E+03  0.6752163E+02
  0.4161838E+02  0.7058492E+02  0.1280166E+03  0.6774731E+02
  0.4132224E+02  0.6970109E+02  0.1148991E+03  0.6747832E+02
  0.4139479E+02  0.7028406E+02  0.1145892E+03  0.6800840E+02
  0.4106360E+02  0.6979188E+02  0.1182568E+03  0.6743552E+02
  0.4146012E+02  0.7215798E+02  0.1605028E+03  0.6755665E+02
  0.4113266E+02  0.7129911E+02  0.1443893E+03  0.6764079E+02
  0.4109338E+02  0.7113636E+02  0.1529950E+03  0.6710968E+02
  0.4149319E+02  0.7194728E+02  0.1427568E+03  0.6824741E+02
  0.4131609E+02  0.7178796E+02  0.1567536E+03  0.6745154E+02
  0.4193513E+02  0.7310687E+02  0.1801466E+03  0.6723488E+02
  0.4192095E+02  0.7255186E+02  0.1726902E+03  0.6722889E+02
  0.4108098E+02  0.7352075E+02  0.1633015E+03  0.6845364E+02
  0.4140138E+02  0.7280693E+02  0.1759477E+03  0.6724448E+02
  0.4154838E+02  0.7288829E+02  0.1719711E+03  0.6751824E+02
  0.4158592E+02  0.7430848E+02  0.1881829E+03  0.6762380E+02
  0.4198905E+02  0.7454762E+02  0.1958639E+03  0.6733038E+02
  0.4107116E+02  0.7555030E+02  0.2039278E+03  0.6748084E+02
  0.4148674E+02  0.7432359E+02  0.1942181E+03  0.6727906E+02
  0.4116207E+02  0.7389458E+02  0.2042001E+03  0.6640179E+02
  0.4140999E+02  0.7610491E+02  0.2150048E+03  0.6711267E+02
  0.4158785E+02  0.7658705E+02  0.2074691E+03  0.6788204E+02
  0.4115131E+02  0.7586591E+02  0.2205602E+03  0.6661545E+02
  0.4127092E+02  0.7752110E+02  0.2181768E+03  0.6770152E+02
  0.4152247E+02  0.7753228E+02  0.2103567E+03  0.6823131E+02
  0.4163066E+02  0.7852898E+02  0.2242388E+03  0.6781075E+02
  0.4195316E+02  0.7853775E+02  0.2243526E+03  0.6780724E+02
  0.4115981E+02  0.7812592E+02  0.2306280E+03  0.6716891E+02
  0.4123878E+02  0.7862519E+02  0.2236637E+03  0.6789838E+02
  0.4176444E+02  0.7974599E+02  0.2341713E+03  0.6768244E+02
  0.4158316E+02  0.8002872E+02  0.2456798E+03  0.6697671E+02
  0.4153525E+02  0.8147031E+02  0.2470891E+03  0.6743242E+02
  0.4124275E+02  0.8149778E+02  0.2420904E+03  0.6781289E+02
  0.4149221E+02  0.8110122E+02  0.2460534E+03  0.6737298E+02
  0.4156354E+02  0.8141431E+02  0.2420999E+03  0.6778146E+02
  0.4124583E+02  0.8328455E+02  0.2557316E+03  0.6736670E+02
  0.4174353E+02  0.8283988E+02  0.2505605E+03  0.6762868E+02
  0.4128830E+02  0.8278767E+02  0.2521039E+03  0.6749593E+02
  0.4159332E+02  0.8435139E+02  0.2574007E+03  0.6751702E+02
  0.4185906E+02  0.8305783E+02  0.2503908E+03  0.6770718E+02
  0.4152797E+02  0.8465985E+02  0.2597428E+03  0.6740768E+02
  0.4113440E+02  0.8466471E+02  0.2624584E+03  0.6719896E+02
  0.4141877E+02  0.8527253E+02  0.2631895E+03  0.6726986E+02
  0.4180686E+02  0.8513230E+02  0.2614786E+03  0.6737454E+02
  0.4161677E+02  0.8589637E+02  0.2634295E+03  0.6736643E+02
  0.4158174E+02  0.8802708E+02  0.2642591E+03  0.6757387E+02
  0.4152449E+02  0.8739818E+02  0.2652378E+03  0.6743591E+02
  0.4105011E+02  0.8722686E+02  0.2642052E+03  0.6749793E+02
  0.4124455E+02  0.8847085E+02  0.2652149E+03  0.6753104E+02
  0.4196247E+02  0.8822922E+02  0.2654382E+03  0.6749655E+02
  0.4145475E+02  0.9004704E+02  0.2654673E+03  0.6756036E+02
  0.4154134E+02  0.9021058E+02  0.2652145E+03  0.6757954E+02
  0.4144267E+02  0.9034707E+02  0.2659099E+03  0.6752274E+02
  0.4130225E+02  0.9019200E+02  0.2656495E+03  0.6754517E+02
  0.4162144E+02  0.9040001E+02  0.2655915E+03  0.6754718E+02
  0.4184680E+02  0.9370898E+02  0.2631268E+03  0.6745488E+02
  0.4118539E+02  0.9237798E+02  0.2631117E+03  0.6762727E+02
  0.4137000E+02  0.9272600E+02  0.2637743E+03  0.6753737E+02
  0.4141358E+02  0.9422449E+02  0.2638843E+03  0.6730985E+02
  0.4154341E+02  0.9206068E+02  0.2634727E+03  0.6762860E+02
  0.4125059E+02  0.9487302E+02  0.2571607E+03  0.6770898E+02
  0.4137637E+02  0.9520783E+02  0.2598371E+03  0.6742976E+02
  0.4188449E+02  0.9563122E+02  0.2566255E+03  0.6758097E+02
  0.4102359E+02  0.9608517E+02  0.2561900E+03  0.6750180E+02
  0.4183598E+02  0.9445196E+02  0.2597359E+03  0.6759190E+02
  0.4175508E+02  0.9904550E+02  0.2528793E+03  0.6681655E+02
  0.4193159E+02  0.9709104E+02  0.2449777E+03  0.6807319E+02
  0.4174340E+02  0.9739830E+02  0.2466173E+03  0.6785255E+02
  0.4179679E+02  0.9873225E+02  0.2507218E+03  0.6709047E+02
  0.4138061E+02  0.9906636E+02  0.2484301E+03  0.6713516E+02
  0.4131645E+02  0.1012690E+03  0.2308206E+03  0.6745187E+02
  0.4127593E+02  0.1005210E+03  0.2325510E+03  0.6767872E+02
  0.4175940E+02  0.1013225E+03  0.2331621E+03  0.6726284E+02
  0.4114206E+02  0.1006392E+03  0.2313948E+03  0.6770698E+02
  0.4174941E+02  0.1011800E+03  0.2322843E+03  0.6739205E+02
  0.4178206E+02  0.1024588E+03  0.2157649E+03  0.6787433E+02
  0.4104262E+02  0.1020837E+03  0.2244780E+03  0.6748365E+02
  0.4123018E+02  0.1015793E+03  0.2278102E+03  0.6750986E+02
  0.4126994E+02  0.1018290E+03  0.2168301E+03  0.6813778E+02
  0.4161191E+02  0.1019911E+03  0.2230161E+03  0.6763122E+02
  0.4121648E+02  0.1039302E+03  0.2072085E+03  0.6759142E+02
  0.4162074E+02  0.1035678E+03  0.2024807E+03  0.6811145E+02
  0.4122125E+02  0.1040422E+03  0.2070475E+03  0.6753412E+02
  0.4142767E+02  0.1051401E+03  0.1998330E+03  0.6729541E+02
  0.4126309E+02  0.1051836E+03  0.1994349E+03  0.6729145E+02
  0.4125689E+02  0.1060904E+03  0.1764182E+03  0.6801953E+02
  0.4139279E+02  0.1066364E+03  0.1814820E+03  0.6734565E+02
  0.4139956E+02  0.1065690E+03  0.1790772E+03  0.6752791E+02
  0.4199516E+02  0.1064856E+03  0.1934483E+03  0.6677367E+02
  0.4112933E+02  0.1054022E+03  0.1828885E+03  0.6813110E+02
  0.4170314E+02  0.1083935E+03  0.1520051E+03  0.6753578E+02
  0.4185334E+02  0.1074326E+03  0.1619995E+03  0.6779774E+02
  0.4194279E+02  0.1081772E+03  0.1662484E+03  0.6700702E+02
  0.4133810E+02  0.1077638E+03  0.1568377E+03  0.6780097E+02
  0.4195408E+02  0.1078051E+03  0.1668085E+03  0.6726501E+02
  0.4136096E+02  0.1088284E+03  0.1298462E+03  0.6817373E+02
  0.4113486E+02  0.1097727E+03  0.1364873E+03  0.6708997E+02
  0.4180026E+02  0.1090127E+03  0.1462413E+03  0.6729981E+02
  0.4113098E+02  0.1088280E+03  0.1269082E+03  0.6829737E+02
  0.4135115E+02  0.1091298E+03  0.1246554E+03  0.6813036E+02
  0.4157634E+02  0.1099724E+03  0.1096027E+03  0.6796079E+02
  0.4124701E+02  0.1103812E+03  0.9879735E+02  0.6795513E+02
  0.4147114E+02  0.1107152E+03  0.1128904E+03  0.6717741E+02
  0.4150960E+02  0.1098755E+03  0.1237184E+03  0.6751969E+02
  0.4153691E+02  0.1102890E+03  0.1045533E+03  0.6784975E+02
  0.4176583E+02  0.1109853E+03  0.8810794E+02  0.6771825E+02
  0.4181144E+02  0.1116591E+03  0.8112852E+02  0.6727160E+02
  0.4139155E+02  0.1116903E+03  0.8450639E+02  0.6715418E+02
  0.4184317E+02  0.1109899E+03  0.7253656E+02  0.6812103E+02
  0.4107368E+02  0.1115070E+03  0.9691801E+02  0.6697494E+02
  0.4100966E+02  0.1121474E+03  0.4904270E+02  0.6746372E+02
  0.4197670E+02  0.1117937E+03  0.6500620E+02  0.6751684E+02
  0.4105693E+02  0.1118949E+03  0.5901014E+02  0.6753790E+02
  0.4124920E+02  0.1118648E+03  0.6398569E+02  0.6746915E+02
  0.4147203E+02  0.1120727E+03  0.6587756E+02  0.6722919E+02
  0.4198011E+02  0.1122893E+03  0.2756979E+02  0.6758779E+02
  0.4188998E+02  0.1122663E+03  0.2490473E+02  0.6763318E+02
  0.4119658E+02  0.1122302E+03  0.1895860E+02  0.6771138E+02
  0.4111813E+02  0.1122893E+03  0.3165890E+02  0.6754878E+02
  0.4131186E+02  0.1123518E+03  0.3655858E+02  0.6743320E+02
  0.4136995E+02  0.1123518E+03  0.3655858E+02  0.6743320E+02
  0.4151574E+02  0.1123518E+03  0.3655858E+02  0.6743320E+02
  0.4126251E+02  0.1123518E+03  0.3655858E+02  0.6743320E+02
  0.4179536E+02  0.1123518E+03  0.3655858E+02  0.6743320E+02
  0.4107121E+02  0.1123518E+03  0.3655858E+02  0.6743320E+02
  0.4163294E+02  0.6755469E+02  0.3652281E+02  0.6734111E+02
  0.4160617E+02  0.6780917E+02  0.2936226E+02  0.6766909E+02
  0.4173235E+02  0.6773612E+02  0.1769963E+02  0.6768527E+02
  0.4181829E+02  0.6770887E+02  0.3341193E+02  0.6752859E+02
  0.4105052E+02  0.6761293E+02  0.4260912E+02  0.6732204E+02
  0.4161220E+02  0.6823188E+02  0.7119634E+02  0.6740704E+02
  0.4149835E+02  0.6787389E+02  0.5139097E+02  0.6744690E+02
  0.4146329E+02  0.6821432E+02  0.6128734E+02  0.6759993E+02
  0.4154362E+02  0.6824509E+02  0.7282187E+02  0.6738252E+02
  0.4123046E+02  0.6786473E+02  0.4666520E+02  0.6751206E+02
  0.4181694E+02  0.6846076E+02  0.9068596E+02  0.6712677E+02
  0.4196648E+02  0.6884601E+02  0.8417774E+02  0.6766870E+02
  0.4114849E+02  0.6911422E+02  0.9132775E+02  0.6771823E+02
  0.4130037E+02  0.6849869E+02  0.9623189E+02  0.6700078E+02
  0.4160796E+02  0.6904081E+02  0.8009422E+02  0.6796121E+02
  0.4149128E+02  0.6950016E+02  0.1250553E+03  0.6692125E+02
  0.4114232E+02  0.7000548E+02  0.1014734E+03  0.6822098E+02
  0.4129249E+02  0.6928617E+02  0.1060426E+03  0.6741372E+02
  0.4173568E+02  0.7003836E+02  0.1015326E+03  0.6824894E+02
  0.4196394E+02  0.6920547E+02  0.1214482E+03  0.6679744E+02
  0.4117134E+02  0.7054102E+02  0.1359455E+03  0.6737930E+02
  0.4151737E+02  0.7113330E+02  0.1352934E+03  0.6790776E+02
  0.4188750E+02  0.7065918E+02  0.1334773E+03  0.6758417E+02
  0.4145739E+02  0.7117054E+02  0.1461463E+03  0.6745486E+02
  0.4173632E+02  0.7067185E+02  0.1287082E+03  0.6779375E+02
  0.4161058E+02  0.7209272E+02  0.1664255E+03  0.6720620E+02
  0.4177965E+02  0.7200311E+02  0.1529788E+03  0.6780633E+02
  0.4138092E+02  0.7272252E+02  0.1627567E+03  0.6787778E+02
  0.4146069E+02  0.7268359E+02  0.1546489E+03  0.6826086E+02
  0.4165452E+02  0.7191188E+02  0.1588511E+03  0.6744628E+02
  0.4105467E+02  0.7349395E+02  0.1881735E+03  0.6706118E+02
  0.4170305E+02  0.7430995E+02  0.1769459E+03  0.6827386E+02
  0.4107374E+02  0.7424031E+02  0.1901185E+03  0.6746413E+02
  0.4173087E+02  0.7363178E+02  0.1757410E+03  0.6785781E+02
  0.4105407E+02  0.7358488E+02  0.1867273E+03  0.6720711E+02
  0.4173262E+02  0.7521782E+02  0.2095189E+03  0.6692557E+02
  0.4149749E+02  0.7582848E+02  0.2041279E+03  0.6764011E+02
  0.4116634E+02  0.7583304E+02  0.2100074E+03  0.6727078E+02
  0.4100563E+02  0.7585343E+02  0.2133783E+03  0.6706835E+02
  0.4161616E+02  0.7559997E+02  0.1989442E+03  0.6782248E+02
  0.4199884E+02  0.7786761E+02  0.2153138E+03  0.6808059E+02
  0.4152378E+02  0.7871114E+02  0.2297113E+03  0.6751973E+02
  0.4161881E+02  0.7861058E+02  0.2212779E+03  0.6805649E+02
  0.4166027E+02  0.7782740E+02  0.2242378E+03  0.6745397E+02
  0.4192740E+02  0.7803460E+02  0.2216485E+03  0.6773788E+02
  0.4180924E+02  0.8029381E+02  0.2413183E+03  0.6740119E+02
  0.4175134E+02  0.8054461E+02  0.2401672E+03  0.6758696E+02
  0.4152262E+02  0.8012044E+02  0.2333305E+03  0.6790566E+02
  0.4112408E+02  0.7944637E+02  0.2335075E+03  0.6759603E+02
  0.4177838E+02  0.7955932E+02  0.2369753E+03  0.6739980E+02
  0.4131988E+02  0.8238941E+02  0.2444175E+03  0.6794955E+02
  0.4120952E+02  0.8113923E+02  0.2477824E+03  0.6725989E+02
  0.4103373E+02  0.8215529E+02  0.2468666E+03  0.6768764E+02
  0.4170896E+02  0.8192901E+02  0.2543655E+03  0.6705100E+02
  0.4116347E+02  0.8247559E+02  0.2502684E+03  0.6753696E+02
  0.4186627E+02  0.8508971E+02  0.2570220E+03  0.6771199E+02
  0.4157065E+02  0.8516488E+02  0.2613734E+03  0.6738935E+02
  0.4176848E+02  0.8488600E+02  0.2602822E+03  0.6741567E+02
  0.4189624E+02  0.8587421E+02  0.2570484E+03  0.6786173E+02
  0.4199052E+02  0.8565827E+02  0.2599891E+03  0.6759269E+02
  0.4175054E+02  0.8810644E+02  0.2646815E+03  0.6754693E+02
  0.4191072E+02  0.8674748E+02  0.2637527E+03  0.6747267E+02
  0.4107709E+02  0.8758433E+02  0.2649035E+03  0.6748193E+02
  0.4108381E+02  0.8675486E+02  0.2624646E+03  0.6757496E+02
  0.4116471E+02  0.8800091E+02  0.2649880E+03  0.6751402E+02
  0.4187782E+02  0.8889698E+02  0.2655920E+03  0.6752483E+02
  0.4164321E+02  0.8968462E+02  0.2657416E+03  0.6753654E+02
  0.4103462E+02  0.8966185E+02  0.2655494E+03  0.6755148E+02
  0.4155936E+02  0.8932989E+02  0.2658876E+03  0.6751758E+02
  0.4175371E+02  0.8871990E+02  0.2657373E+03  0.6750441E+02
  0.4111514E+02  0.9153634E+02  0.2641665E+03  0.6761364E+02
  0.4152752E+02  0.9130556E+02  0.2637455E+03  0.6766094E+02
  0.4195493E+02  0.9264823E+02  0.2636891E+03  0.6755291E+02
  0.4157456E+02  0.9126208E+02  0.2637237E+03  0.6766504E+02
  0.4178941E+02  0.9221339E+02  0.2634881E+03  0.6761354E+02
  0.4193794E+02  0.9342753E+02  0.2599856E+03  0.6774410E+02
  0.4189937E+02  0.9478396E+02  0.2620173E+03  0.6734966E+02
  0.4157155E+02  0.9518926E+02  0.2617108E+03  0.6728880E+02
  0.4177277E+02  0.9394169E+02  0.2621425E+03  0.6749445E+02
  0.4135293E+02  0.9538354E+02  0.2611140E+03  0.6729198E+02
  0.4151264E+02  0.9783378E+02  0.2486617E+03  0.6755673E+02
  0.4142352E+02  0.9730940E+02  0.2523761E+03  0.6744554E+02
  0.4139240E+02  0.9635860E+02  0.2481685E+03  0.6804416E+02
  0.4130464E+02  0.9655606E+02  0.2547344E+03  0.6748729E+02
  0.4199181E+02  0.9797647E+02  0.2499013E+03  0.6741613E+02
  0.4185681E+02  0.9978145E+02  0.2427032E+03  0.6726999E+02
  0.4171118E+02  0.9877688E+02  0.2466493E+03  0.6737455E+02
  0.4170907E+02  0.9989993E+02  0.2467314E+03  0.6693023E+02
  0.4119832E+02  0.9874850E+02  0.2384403E+03  0.6799089E+02
  0.4112263E+02  0.9939860E+02  0.2382740E+03  0.6774780E+02
  0.4117076E+02  0.1006820E+03  0.2308052E+03  0.6772904E+02
  0.4199032E+02  0.1010850E+03  0.2213469E+03  0.6820235E+02
  0.4118797E+02  0.1005590E+03  0.2253523E+03  0.6817201E+02
  0.4154023E+02  0.1013099E+03  0.2277608E+03  0.6764545E+02
  0.4147161E+02  0.1010684E+03  0.2260577E+03  0.6788120E+02
  0.4120373E+02  0.1041913E+03  0.2127990E+03  0.6707859E+02
  0.4155148E+02  0.1036500E+03  0.2160751E+03  0.6718605E+02
  0.4183075E+02  0.1045247E+03  0.2149574E+03  0.6674142E+02
  0.4170852E+02  0.1028785E+03  0.2128807E+03  0.6783464E+02
  0.4123348E+02  0.1033256E+03  0.2154274E+03  0.6741428E+02
  0.4166491E+02  0.1063412E+03  0.2015910E+03  0.6639877E+02
  0.4162218E+02  0.1056029E+03  0.1908451E+03  0.6752766E+02
  0.4199247E+02  0.1050701E+03  0.2017503E+03  0.6722366E+02
  0.4187621E+02  0.1051235E+03  0.1872818E+03  0.6806136E+02
  0.4148060E+02  0.1058251E+03  0.1834827E+03  0.6780459E+02
  0.4138704E+02  0.1067717E+03  0.1787968E+03  0.6739716E+02
  0.4172893E+02  0.1069828E+03  0.1768969E+03  0.6734753E+02
  0.4104281E+02  0.1065087E+03  0.1763958E+03  0.6772001E+02
  0.4147669E+02  0.1067469E+03  0.1748466E+03  0.6763193E+02
  0.4159834E+02  0.1072205E+03  0.1810666E+03  0.6694674E+02
  0.4164498E+02  0.1091877E+03  0.1536010E+03  0.6681854E+02
  0.4119789E+02  0.1080082E+03  0.1538204E+03  0.6775640E+02
  0.4159761E+02  0.1087885E+03  0.1372778E+03  0.6788664E+02
  0.4136582E+02  0.1091092E+03  0.1381505E+03  0.6757955E+02
  0.4168206E+02  0.1092141E+03  0.1523907E+03  0.6685318E+02
  0.4106028E+02  0.1101941E+03  0.1097284E+03  0.6775708E+02
  0.4174477E+02  0.1104678E+03  0.1182166E+03  0.6720670E+02
  0.4135753E+02  0.1100862E+03  0.1355667E+03  0.6686089E+02
  0.4146830E+02  0.1099224E+03  0.1309488E+03  0.6719079E+02
  0.4181083E+02  0.1095753E+03  0.1160699E+03  0.6807742E+02
  0.4147477E+02  0.1106329E+03  0.1057593E+03  0.6749678E+02
  0.4140340E+02  0.1106649E+03  0.8394913E+02  0.6813518E+02
  0.4182712E+02  0.1112381E+03  0.1022065E+03  0.6705981E+02
  0.4154245E+02  0.1111398E+03  0.9207911E+02  0.6745959E+02
  0.4153122E+02  0.1112200E+03  0.9937230E+02  0.6716546E+02
  0.4161531E+02  0.1119745E+03  0.7568679E+02  0.6710542E+02
  0.4164265E+02  0.1116838E+03  0.6058884E+02  0.6771250E+02
  0.4184779E+02  0.1117109E+03  0.7406269E+02  0.6739571E+02
  0.4141743E+02  0.1116616E+03  0.8218467E+02  0.6724199E+02
  0.4147815E+02  0.1118249E+03  0.5673467E+02  0.6764826E+02
  0.4101538E+02  0.1122717E+03  0.3724455E+02  0.6750438E+02
  0.4121403E+02  0.1120742E+03  0.5301971E+02  0.6747046E+02
  0.4190470E+02  0.1121337E+03  0.2988999E+02  0.6772073E+02
  0.4152571E+02  0.1123142E+03  0.2805501E+02  0.6755865E+02
  0.4199462E+02  0.1121975E+03  0.2604553E+02  0.6769224E+02
  0.4163322E+02  0.1121975E+03  0.2604553E+02  0.6769224E+02
  0.4102445E+02  0.1121975E+03  0.2604553E+02  0.6769224E+02
  0.4187562E+02  0.1121975E+03  0.2604553E+02  0.6769224E+02
  0.4198872E+02  0.1121975E+03  0.2604553E+02  0.6769224E+02
  0.4197920E+02  0.1121975E+03  0.2604553E+02  0.6769224E+02
  0.4180381E+02  0.6859130E+02  0.1758583E+02  0.6853889E+02
  0.4128540E+02  0.6861324E+02  0.2440707E+01  0.6861223E+02
  0.4131595E+02  0.6852123E+02  0.2137012E+02  0.6844417E+02
  0.4184632E+02  0.6858683E+02  0.1589733E+02  0.6854400E+02
  0.4141823E+02  0.6860904E+02  0.2754740E+02  0.6848061E+02
  0.4173853E+02  0.6879210E+02  0.3978319E+02  0.6852282E+02
  0.4106381E+02  0.6896239E+02  0.3318714E+02  0.6877290E+02
  0.4130502E+02  0.6886052E+02  0.5123879E+02  0.6841456E+02
  0.4172968E+02  0.6868999E+02  0.2897747E+02  0.6854734E+02
  0.4127884E+02  0.6900188E+02  0.3807578E+02  0.6875237E+02
  0.4145697E+02  0.6948237E+02  0.7020250E+02  0.6862808E+02
  0.4184545E+02  0.6961902E+02  0.6974106E+02  0.6876972E+02
  0.4141769E+02  0.6934248E+02  0.6275289E+02  0.6866137E+02
  0.4133384E+02  0.6956932E+02  0.6564149E+02  0.6881673E+02
  0.4181947E+02  0.6917774E+02  0.5986022E+02  0.6856208E+02
  0.4196343E+02  0.7002306E+02  0.1066960E+03  0.6805888E+02
  0.4132547E+02  0.6975923E+02  0.8714618E+02  0.6844180E+02
  0.4173604E+02  0.6998908E+02  0.1057325E+03  0.6806155E+02
  0.4140576E+02  0.7054357E+02  0.9608503E+02  0.6889044E+02
  0.4188903E+02  0.7009301E+02  0.1050429E+03  0.6817931E+02
  0.4115541E+02  0.7104015E+02  0.1219110E+03  0.6838838E+02
  0.4114872E+02  0.7150079E+02  0.1214654E+03  0.6880493E+02
  0.4196274E+02  0.7063571E+02  0.1263053E+03  0.6786078E+02
  0.4136427E+02  0.7082012E+02  0.1241897E+03  0.6810586E+02
  0.4161402E+02  0.7126250E+02  0.1293589E+03  0.6827173E+02
  0.4168247E+02  0.7194805E+02  0.1552995E+03  0.6764948E+02
  0.4106825E+02  0.7231150E+02  0.1505352E+03  0.6817076E+02
  0.4106764E+02  0.7179188E+02  0.1425583E+03  0.6812947E+02
  0.4117998E+02  0.7244136E+02  0.1379362E+03  0.6887566E+02
  0.4183449E+02  0.7257308E+02  0.1501077E+03  0.6839952E+02
  0.4175967E+02  0.7382958E+02  0.1685444E+03  0.6839868E+02
  0.4171680E+02  0.7327443E+02  0.1657517E+03  0.6813845E+02
  0.4191466E+02  0.7355451E+02  0.1688589E+03  0.6817940E+02
  0.4193155E+02  0.7320998E+02  0.1626563E+03  0.6825389E+02
  0.4130248E+02  0.7461262E+02  0.1584232E+03  0.6952930E+02
  0.4152188E+02  0.7557784E+02  0.1941700E+03  0.6810389E+02
  0.4159507E+02  0.7498201E+02  0.1812318E+03  0.6849097E+02
  0.4199652E+02  0.7501605E+02  0.1801122E+03  0.6858014E+02
  0.4120020E+02  0.7564591E+02  0.1796148E+03  0.6903500E+02
  0.4162753E+02  0.7464366E+02  0.1951164E+03  0.6743863E+02
  0.4164326E+02  0.7781021E+02  0.2004599E+03  0.6904656E+02
  0.4159221E+02  0.7827041E+02  0.2059639E+03  0.6893027E+02
  0.4199137E+02  0.7822302E+02  0.2081869E+03  0.6875387E+02
  0.4114080E+02  0.7716919E+02  0.2081018E+03  0.6817708E+02
  0.4146788E+02  0.7749330E+02  0.2087778E+03  0.6831488E+02
  0.4102987E+02  0.7921735E+02  0.2239565E+03  0.6816536E+02
  0.4150719E+02  0.7891511E+02  0.2169258E+03  0.6851060E+02
  0.4150132E+02  0.7887276E+02  0.2221696E+03  0.6812428E+02
  0.4160618E+02  0.7942533E+02  0.2181480E+03  0.6867390E+02
  0.4178838E+02  0.7948444E+02  0.2180636E+03  0.6870807E+02
  0.4124237E+02  0.8076950E+02  0.2336246E+03  0.6815514E+02
  0.4124477E+02  0.8115614E+02  0.2347421E+03  0.6822684E+02
  0.4131514E+02  0.8250046E+02  0.2357197E+03  0.6864239E+02
  0.4136989E+02  0.8181709E+02  0.2311402E+03  0.6874480E+02
  0.4157275E+02  0.8110979E+02  0.2364941E+03  0.6807981E+02
  0.4131882E+02  0.8338098E+02  0.2393636E+03  0.6864417E+02
  0.4157883E+02  0.8444148E+02  0.2422916E+03  0.6870822E+02
  0.4101907E+02  0.8364061E+02  0.2417211E+03  0.6853871E+02
  0.4170745E+02  0.8377364E+02  0.2391191E+03  0.6877638E+02
  0.4170850E+02  0.8312072E+02  0.2420302E+03  0.6836229E+02
  0.4112050E+02  0.8620215E+02  0.2511938E+03  0.6837835E+02
  0.4152234E+02  0.8605605E+02  0.2480168E+03  0.6860370E+02
  0.4136101E+02  0.8643433E+02  0.2511946E+03  0.6841602E+02
  0.4114933E+02  0.8609480E+02  0.2514616E+03  0.6833904E+02
  0.4142466E+02  0.8527726E+02  0.2513506E+03  0.6819304E+02
  0.4149961E+02  0.8902990E+02  0.2526376E+03  0.6856221E+02
  0.4138024E+02  0.8804632E+02  0.2517507E+03  0.6856908E+02
  0.4121756E+02  0.8899256E+02  0.2526210E+03  0.6856189E+02
  0.4191982E+02  0.8881683E+02  0.2527827E+03  0.6854042E+02
  0.4168920E+02  0.8932621E+02  0.2529163E+03  0.6855075E+02
  0.4105219E+02  0.9026348E+02  0.2534716E+03  0.6851486E+02
  0.4164220E+02  0.9017394E+02  0.2528082E+03  0.6856881E+02
  0.4105027E+02  0.9002383E+02  0.2525899E+03  0.6858694E+02
  0.4182496E+02  0.9037927E+02  0.2525899E+03  0.6858375E+02
  0.4149034E+02  0.9031540E+02  0.2525741E+03  0.6858600E+02
  0.4148807E+02  0.9223341E+02  0.2506906E+03  0.6862750E+02
  0.4190069E+02  0.9258728E+02  0.2491509E+03  0.6871197E+02
  0.4149353E+02  0.9401724E+02  0.2505681E+03  0.6838980E+02
  0.4132440E+02  0.9254656E+02  0.2518606E+03  0.6850109E+02
  0.4163544E+02  0.9246883E+02  0.2483910E+03  0.6878595E+02
  0.4113541E+02  0.9608636E+02  0.2455500E+03  0.6831951E+02
  0.4104479E+02  0.9623300E+02  0.2465776E+03  0.6820077E+02
  0.4195180E+02  0.9532036E+02  0.2456333E+03  0.6850642E+02
  0.4197672E+02  0.9630706E+02  0.2415134E+03  0.6856945E+02
  0.4100847E+02  0.9558532E+02  0.2426217E+03  0.6867590E+02
  0.4182625E+02  0.9680807E+02  0.2397302E+03  0.6855936E+02
  0.4140823E+02  0.9741656E+02  0.2332683E+03  0.6885559E+02
  0.4124697E+02  0.9721530E+02  0.2375485E+03  0.6859771E+02
  0.4123290E+02  0.9781715E+02  0.2368282E+03  0.6845024E+02
  0.4108627E+02  0.9883356E+02  0.2362374E+03  0.6812068E+02
  0.4130073E+02  0.1002935E+03  0.2227568E+03  0.6847919E+02
  0.4196119E+02  0.1003987E+03  0.2292483E+03  0.6796903E+02
  0.4157239E+02  0.9974612E+02  0.2287552E+03  0.6829319E+02
  0.4127787E+02  0.1002756E+03  0.2194914E+03  0.6871986E+02
  0.4185886E+02  0.9936357E+02  0.2196990E+03  0.6911438E+02
  0.4116120E+02  0.1020207E+03  0.2025687E+03  0.6900019E+02
  0.4197675E+02  0.1027264E+03  0.2061653E+03  0.6836419E+02
  0.4168677E+02  0.1012151E+03  0.2161351E+03  0.6850037E+02
  0.4195083E+02  0.1028310E+03  0.2153391E+03  0.6769825E+02
  0.4161907E+02  0.1014239E+03  0.2065069E+03  0.6905635E+02
  0.4138989E+02  0.1039853E+03  0.1853936E+03  0.6892557E+02
  0.4197329E+02  0.1043165E+03  0.2004922E+03  0.6777843E+02
  0.4190081E+02  0.1031798E+03  0.1936431E+03  0.6891208E+02
  0.4141206E+02  0.1038096E+03  0.1871088E+03  0.6893227E+02
  0.4152200E+02  0.1031383E+03  0.2011407E+03  0.6845374E+02
  0.4135156E+02  0.1058872E+03  0.1820262E+03  0.6784503E+02
  0.4122459E+02  0.1049015E+03  0.1666329E+03  0.6942041E+02
  0.4166125E+02  0.1050213E+03  0.1689602E+03  0.6920238E+02
  0.4198849E+02  0.1052292E+03  0.1642005E+03  0.6932394E+02
  0.4169923E+02  0.1061061E+03  0.1832323E+03  0.6762283E+02
  0.4182871E+02  0.1076094E+03  0.1461642E+03  0.6844553E+02
  0.4196097E+02  0.1067056E+03  0.1534696E+03  0.6879579E+02
  0.4118123E+02  0.1071831E+03  0.1569113E+03  0.6825025E+02
  0.4139452E+02  0.1067974E+03  0.1501108E+03  0.6889512E+02
  0.4136874E+02  0.1065386E+03  0.1512062E+03  0.6904101E+02
  0.4141514E+02  0.1080513E+03  0.1321122E+03  0.6873187E+02
  0.4171495E+02  0.1080824E+03  0.1379284E+03  0.6844504E+02
  0.4194349E+02  0.1087454E+03  0.1195701E+03  0.6866851E+02
  0.4186655E+02  0.1081161E+03  0.1226229E+03  0.6908620E+02
  0.4130375E+02  0.1088949E+03  0.1357746E+03  0.6786311E+02
  0.4156902E+02  0.1095694E+03  0.1013439E+03  0.6861187E+02
  0.4137633E+02  0.1098330E+03  0.1083874E+03  0.6812914E+02
  0.4156021E+02  0.1092550E+03  0.1021101E+03  0.6887031E+02
  0.4166871E+02  0.1096219E+03  0.1015342E+03  0.6855776E+02
  0.4104460E+02  0.1092109E+03  0.1035953E+03  0.6885816E+02
  0.4104458E+02  0.1103467E+03  0.8339947E+02  0.6844930E+02
  0.4138286E+02  0.1102479E+03  0.7002736E+02  0.6889008E+02
  0.4182606E+02  0.1107869E+03  0.7133854E+02  0.6834358E+02
  0.4198462E+02  0.1101499E+03  0.7112226E+02  0.6895710E+02
  0.4139804E+02  0.1104991E+03  0.7059179E+02  0.6863656E+02
  0.4185120E+02  0.1108262E+03  0.5875030E+02  0.6858052E+02
  0.4189661E+02  0.1110095E+03  0.4576666E+02  0.6863138E+02
  0.4179715E+02  0.1110158E+03  0.4719986E+02  0.6860265E+02
  0.4193661E+02  0.1108544E+03  0.4759962E+02  0.6875440E+02
  0.4141838E+02  0.1111849E+03  0.5936374E+02  0.6822046E+02
  0.4135801E+02  0.1113576E+03  0.2750534E+02  0.6851412E+02
  0.4151117E+02  0.1114295E+03  0.3047406E+02  0.6841378E+02
  0.4133595E+02  0.1113684E+03  0.9652532E+01  0.6861576E+02
  0.4121592E+02  0.1114753E+03  0.1111127E+02  0.6850379E+02
  0.4141616E+02  0.1113820E+03  0.1839256E+02  0.6856062E+02
  0.4173512E+02  0.1113820E+03  0.1839256E+02  0.6856062E+02
  0.4191494E+02  0.1113820E+03  0.1839256E+02  0.6856062E+02
  0.4169129E+02  0.1113820E+03  0.1839256E+02  0.6856062E+02
  0.4123460E+02  0.1113820E+03  0.1839256E+02  0.6856062E+02
  0.4151400E+02  0.1113820E+03  0.1839256E+02  0.6856062E+02
  0.4199022E+02  0.6869243E+02  0.4013066E+02  0.6841985E+02
  0.4123865E+02  0.6871294E+02  0.2732158E+02  0.6858593E+02
  0.4143329E+02  0.6863111E+02  0.4392169E+02  0.6830612E+02
  0.4161181E+02  0.6867152E+02  0.4583979E+02  0.6831709E+02
  0.4135880E+02  0.6863597E+02  0.2329851E+02  0.6854388E+02
  0.4177885E+02  0.6942711E+02  0.5437448E+02  0.6891094E+02
  0.4166384E+02  0.6915208E+02  0.5915849E+02  0.6855132E+02
  0.4110462E+02  0.6926859E+02  0.5055610E+02  0.6882511E+02
  0.4124894E+02  0.6914921E+02  0.5623916E+02  0.6860544E+02
  0.4159901E+02  0.6928091E+02  0.5513255E+02  0.6875446E+02
  0.4145743E+02  0.6973736E+02  0.9168017E+02  0.6828672E+02
  0.4153421E+02  0.7018876E+02  0.7543116E+02  0.6916982E+02
  0.4192812E+02  0.6972609E+02  0.8564197E+02  0.6845424E+02
  0.4124487E+02  0.6992389E+02  0.8087655E+02  0.6877356E+02
  0.4141133E+02  0.6952730E+02  0.9326225E+02  0.6804398E+02
  0.4142392E+02  0.7028504E+02  0.1032249E+03  0.6841562E+02
  0.4147358E+02  0.7123062E+02  0.1013277E+03  0.6933595E+02
  0.4122110E+02  0.7099918E+02  0.1202070E+03  0.6842095E+02
  0.4185777E+02  0.7092027E+02  0.1042036E+03  0.6895467E+02
  0.4119367E+02  0.7130872E+02  0.1092428E+03  0.6911718E+02
  0.4123718E+02  0.7202198E+02  0.1460710E+03  0.6815270E+02
  0.4130805E+02  0.7181778E+02  0.1415686E+03  0.6819633E+02
  0.4185391E+02  0.7208304E+02  0.1431104E+03  0.6834163E+02
  0.4186435E+02  0.7257605E+02  0.1477313E+03  0.6851817E+02
  0.4137927E+02  0.7161029E+02  0.1300253E+03  0.6853830E+02
  0.4102195E+02  0.7267939E+02  0.1513846E+03  0.6842051E+02
  0.4163257E+02  0.7343391E+02  0.1661879E+03  0.6823425E+02
  0.4116025E+02  0.7390502E+02  0.1553061E+03  0.6916797E+02
  0.4150178E+02  0.7382631E+02  0.1490405E+03  0.6943469E+02
  0.4129343E+02  0.7271561E+02  0.1571118E+03  0.6816152E+02
  0.4145086E+02  0.7535290E+02  0.1750502E+03  0.6910865E+02
  0.4166271E+02  0.7423121E+02  0.1736802E+03  0.6840328E+02
  0.4115932E+02  0.7508902E+02  0.1768776E+03  0.6882020E+02
  0.4156516E+02  0.7538510E+02  0.1811371E+03  0.6876909E+02
  0.4117159E+02  0.7430450E+02  0.1845136E+03  0.6783473E+02
  0.4102688E+02  0.7708768E+02  0.1965663E+03  0.6888421E+02
  0.4131441E+02  0.7655985E+02  0.2073947E+03  0.6787089E+02
  0.4106541E+02  0.7733068E+02  0.1932705E+03  0.6924253E+02
  0.4114715E+02  0.7608191E+02  0.1908358E+03  0.6863141E+02
  0.4183350E+02  0.7686970E+02  0.1913466E+03  0.6908922E+02
  0.4191615E+02  0.7829097E+02  0.2102058E+03  0.6865278E+02
  0.4109708E+02  0.7778679E+02  0.2205135E+03  0.6768560E+02
  0.4151094E+02  0.7931330E+02  0.2222398E+03  0.6833190E+02
  0.4167958E+02  0.7802135E+02  0.2168866E+03  0.6805545E+02
  0.4166937E+02  0.7778986E+02  0.2144461E+03  0.6809752E+02
  0.4104991E+02  0.8165631E+02  0.2340329E+03  0.6846974E+02
  0.4106591E+02  0.7980108E+02  0.2311401E+03  0.6792363E+02
  0.4141634E+02  0.8033879E+02  0.2273002E+03  0.6843495E+02
  0.4151231E+02  0.8082419E+02  0.2333172E+03  0.6819975E+02
  0.4176260E+02  0.8166578E+02  0.2338191E+03  0.6848917E+02
  0.4141703E+02  0.8190802E+02  0.2420392E+03  0.6796395E+02
  0.4161134E+02  0.8270187E+02  0.2410099E+03  0.6830867E+02
  0.4158977E+02  0.8246541E+02  0.2437596E+03  0.6802410E+02
  0.4100636E+02  0.8224622E+02  0.2405866E+03  0.6818972E+02
  0.4154741E+02  0.8188433E+02  0.2359449E+03  0.6841071E+02
  0.4113990E+02  0.8520810E+02  0.2487383E+03  0.6838269E+02
  0.4107707E+02  0.8566024E+02  0.2485689E+03  0.6848733E+02
  0.4146847E+02  0.8420746E+02  0.2480411E+03  0.6820402E+02
  0.4101965E+02  0.8600979E+02  0.2469076E+03  0.6868294E+02
  0.4105064E+02  0.8551149E+02  0.2445179E+03  0.6877613E+02
  0.4102601E+02  0.8803547E+02  0.2509508E+03  0.6863194E+02
  0.4143324E+02  0.8837831E+02  0.2502233E+03  0.6871752E+02
  0.4165843E+02  0.8813187E+02  0.2505793E+03  0.6866983E+02
  0.4104712E+02  0.8785083E+02  0.2509510E+03  0.6861498E+02
  0.4196451E+02  0.8866221E+02  0.2517446E+03  0.6861471E+02
  0.4179248E+02  0.9085073E+02  0.2532672E+03  0.6851670E+02
  0.4104566E+02  0.9091497E+02  0.2533894E+03  0.6850442E+02
  0.4193447E+02  0.9071362E+02  0.2534650E+03  0.6850564E+02
  0.4126827E+02  0.9083975E+02  0.2533294E+03  0.6851214E+02
  0.4142030E+02  0.9050754E+02  0.2533329E+03  0.6852178E+02
  0.4138773E+02  0.9200982E+02  0.2503007E+03  0.6867978E+02
  0.4173935E+02  0.9202409E+02  0.2502865E+03  0.6867962E+02
  0.4119730E+02  0.9247818E+02  0.2518663E+03  0.6850826E+02
  0.4102905E+02  0.9167052E+02  0.2516392E+03  0.6860082E+02
  0.4120531E+02  0.9178827E+02  0.2515837E+03  0.6859619E+02
  0.4144301E+02  0.9473436E+02  0.2494171E+03  0.6834172E+02
  0.4164643E+02  0.9551044E+02  0.2457172E+03  0.6845420E+02
  0.4117725E+02  0.9428977E+02  0.2444264E+03  0.6882265E+02
  0.4179624E+02  0.9386295E+02  0.2493160E+03  0.6851534E+02
  0.4101667E+02  0.9581546E+02  0.2437826E+03  0.6852733E+02
  0.4170592E+02  0.9753068E+02  0.2397566E+03  0.6832727E+02
  0.4128984E+02  0.9679940E+02  0.2416816E+03  0.6841305E+02
  0.4142599E+02  0.9631842E+02  0.2352536E+03  0.6904778E+02
  0.4103537E+02  0.9798514E+02  0.2435194E+03  0.6789051E+02
  0.4166983E+02  0.9678910E+02  0.2428081E+03  0.6833019E+02
  0.4104732E+02  0.1002105E+03  0.2228659E+03  0.6850952E+02
  0.4138382E+02  0.1002309E+03  0.2241746E+03  0.6840687E+02
  0.4158040E+02  0.9926675E+02  0.2242379E+03  0.6882535E+02
  0.4130119E+02  0.9873022E+02  0.2328293E+03  0.6841206E+02
  0.4180255E+02  0.9893117E+02  0.2325807E+03  0.6835160E+02
  0.4188759E+02  0.1006558E+03  0.2122218E+03  0.6905163E+02
  0.4182266E+02  0.1007788E+03  0.2207030E+03  0.6839607E+02
  0.4196239E+02  0.1017806E+03  0.2163469E+03  0.6819603E+02
  0.4146765E+02  0.1010893E+03  0.2160828E+03  0.6856705E+02
  0.4173893E+02  0.1017638E+03  0.2093985E+03  0.6867857E+02
  0.4125889E+02  0.1031764E+03  0.2068445E+03  0.6806074E+02
  0.4113375E+02  0.1039136E+03  0.1966873E+03  0.6826795E+02
  0.4120331E+02  0.1035702E+03  0.1936973E+03  0.6866943E+02
  0.4149965E+02  0.1030777E+03  0.1954616E+03  0.6885689E+02
  0.4115256E+02  0.1026125E+03  0.1957563E+03  0.6911388E+02
  0.4154057E+02  0.1056869E+03  0.1710323E+03  0.6861099E+02
  0.4164330E+02  0.1051319E+03  0.1875831E+03  0.6803780E+02
  0.4137165E+02  0.1056142E+03  0.1773592E+03  0.6830360E+02
  0.4126639E+02  0.1044934E+03  0.1777207E+03  0.6905482E+02
  0.4126525E+02  0.1054498E+03  0.1875803E+03  0.6782358E+02
  0.4190544E+02  0.1067852E+03  0.1567997E+03  0.6856305E+02
  0.4177326E+02  0.1071735E+03  0.1575037E+03  0.6822753E+02
  0.4134456E+02  0.1065352E+03  0.1603573E+03  0.6856785E+02
  0.4142937E+02  0.1072571E+03  0.1570824E+03  0.6818416E+02
  0.4149240E+02  0.1061846E+03  0.1564174E+03  0.6904130E+02
  0.4105133E+02  0.1084484E+03  0.1300218E+03  0.6848883E+02
  0.4178718E+02  0.1080546E+03  0.1464423E+03  0.6807318E+02
  0.4131111E+02  0.1079206E+03  0.1275613E+03  0.6904141E+02
  0.4161373E+02  0.1078995E+03  0.1333472E+03  0.6880363E+02
  0.4121704E+02  0.1077274E+03  0.1381095E+03  0.6872927E+02
  0.4132839E+02  0.1090731E+03  0.1211316E+03  0.6832125E+02
  0.4167300E+02  0.1096977E+03  0.9969427E+02  0.6855081E+02
  0.4183002E+02  0.1090437E+03  0.1201840E+03  0.6838451E+02
  0.4144747E+02  0.1093087E+03  0.1075520E+03  0.6862925E+02
  0.4109898E+02  0.1092531E+03  0.1218063E+03  0.6813776E+02
  0.4178583E+02  0.1100298E+03  0.8108063E+02  0.6881151E+02
  0.4196649E+02  0.1100091E+03  0.8041580E+02  0.6884926E+02
  0.4103423E+02  0.1103051E+03  0.7551067E+02  0.6869957E+02
  0.4163536E+02  0.1103141E+03  0.9069437E+02  0.6826872E+02
  0.4165039E+02  0.1098850E+03  0.9857986E+02  0.6841668E+02
  0.4186838E+02  0.1108309E+03  0.4606508E+02  0.6880201E+02
  0.4119371E+02  0.1108300E+03  0.4986661E+02  0.6874053E+02
  0.4104245E+02  0.1109954E+03  0.6445797E+02  0.6829896E+02
  0.4152801E+02  0.1106038E+03  0.5183616E+02  0.6892723E+02
  0.4120553E+02  0.1106831E+03  0.5913271E+02  0.6871160E+02
  0.4155736E+02  0.1111921E+03  0.2067062E+02  0.6873477E+02
  0.4192273E+02  0.1114113E+03  0.4321631E+02  0.6827464E+02
  0.4184341E+02  0.1114210E+03  0.2797043E+02  0.6844683E+02
  0.4119745E+02  0.1112983E+03  0.3905460E+02  0.6844330E+02
  0.4113147E+02  0.1112356E+03  0.1856418E+02  0.6870546E+02
  0.4138717E+02  0.1112356E+03  0.1856418E+02  0.6870546E+02
  0.4169595E+02  0.1112356E+03  0.1856418E+02  0.6870546E+02
  0.4150057E+02  0.1112356E+03  0.1856418E+02  0.6870546E+02
  0.4157714E+02  0.1112356E+03  0.1856418E+02  0.6870546E+02
  0.4150687E+02  0.1112356E+03  0.1856418E+02  0.6870546E+02
  0.4108253E+02  0.6957701E+02  0.2153376E+02  0.6949435E+02
  0.4135887E+02  0.6951258E+02  0.3783552E+01  0.6951003E+02
  0.4133033E+02  0.6958589E+02  0.6736536E+01  0.6957777E+02
  0.4197833E+02  0.6954463E+02  0.1920988E+02  0.6947892E+02
  0.4107649E+02  0.6955314E+02  0.5967033E+01  0.6954679E+02
  0.4117372E+02  0.6959875E+02  0.1720990E+02  0.6954584E+02
  0.4191583E+02  0.6970612E+02  0.5139578E+02  0.6923743E+02
  0.4180892E+02  0.6980077E+02  0.5246113E+02  0.6931029E+02
  0.4199160E+02  0.6992697E+02  0.3598408E+02  0.6969284E+02
  0.4166308E+02  0.6986528E+02  0.3448648E+02  0.6965082E+02
  0.4116105E+02  0.6995453E+02  0.3011852E+02  0.6978992E+02
  0.4178188E+02  0.6996232E+02  0.2829157E+02  0.6981692E+02
  0.4145116E+02  0.7043095E+02  0.7622675E+02  0.6937779E+02
  0.4184450E+02  0.7015320E+02  0.6965162E+02  0.6928219E+02
  0.4150244E+02  0.7051985E+02  0.6235921E+02  0.6980425E+02
  0.4111021E+02  0.7060824E+02  0.5310522E+02  0.7008367E+02
  0.4133773E+02  0.7059049E+02  0.6609880E+02  0.6978558E+02
  0.4115753E+02  0.7044278E+02  0.7185975E+02  0.6950299E+02
  0.4137703E+02  0.7100338E+02  0.7889105E+02  0.6984314E+02
  0.4187690E+02  0.7115976E+02  0.9293370E+02  0.6955778E+02
  0.4107044E+02  0.7129038E+02  0.9812365E+02  0.6950187E+02
  0.4156945E+02  0.7138172E+02  0.1021173E+03  0.6944382E+02
  0.4137067E+02  0.7131114E+02  0.1023452E+03  0.6937225E+02
  0.4176781E+02  0.7124844E+02  0.9274339E+02  0.6964520E+02
  0.4165576E+02  0.7231240E+02  0.1112830E+03  0.6992114E+02
  0.4180859E+02  0.7214652E+02  0.1091682E+03  0.6985946E+02
  0.4135551E+02  0.7216282E+02  0.1098384E+03  0.6984751E+02
  0.4145245E+02  0.7226601E+02  0.1125214E+03  0.6983111E+02
  0.4137261E+02  0.7220407E+02  0.1106299E+03  0.6985245E+02
  0.4149361E+02  0.7181362E+02  0.1048981E+03  0.6972827E+02
  0.4110326E+02  0.7312582E+02  0.1324862E+03  0.6969027E+02
  0.4158092E+02  0.7308735E+02  0.1454864E+03  0.6903496E+02
  0.4124670E+02  0.7334826E+02  0.1313006E+03  0.6992792E+02
  0.4161189E+02  0.7368077E+02  0.1461790E+03  0.6946778E+02
  0.4161386E+02  0.7368266E+02  0.1432393E+03  0.6961740E+02
  0.4165124E+02  0.7293055E+02  0.1468570E+03  0.6884298E+02
  0.4146587E+02  0.7511931E+02  0.1497794E+03  0.7037757E+02
  0.4101621E+02  0.7396422E+02  0.1515223E+03  0.6941193E+02
  0.4123122E+02  0.7401380E+02  0.1564388E+03  0.6919012E+02
  0.4119918E+02  0.7454391E+02  0.1622412E+03  0.6926845E+02
  0.4144099E+02  0.7421731E+02  0.1512158E+03  0.6962114E+02
  0.4166689E+02  0.7460628E+02  0.1594560E+03  0.6946788E+02
  0.4110028E+02  0.7622090E+02  0.1734817E+03  0.6978880E+02
  0.4149157E+02  0.7641078E+02  0.1764183E+03  0.6973508E+02
  0.4133210E+02  0.7653763E+02  0.1735456E+03  0.6999453E+02
  0.4156501E+02  0.7693147E+02  0.1802055E+03  0.6983469E+02
  0.4195890E+02  0.7701006E+02  0.1797037E+03  0.6991593E+02
  0.4170316E+02  0.7572810E+02  0.1700565E+03  0.6966051E+02
  0.4177250E+02  0.7738821E+02  0.2000079E+03  0.6883549E+02
  0.4104848E+02  0.7709480E+02  0.1993690E+03  0.6870626E+02
  0.4176844E+02  0.7781463E+02  0.1872492E+03  0.6992223E+02
  0.4100969E+02  0.7745201E+02  0.2023773E+03  0.6871601E+02
  0.4195363E+02  0.7794232E+02  0.1872663E+03  0.6999630E+02
  0.4154045E+02  0.7763031E+02  0.1927208E+03  0.6945499E+02
  0.4109802E+02  0.7936783E+02  0.2075186E+03  0.6939300E+02
  0.4149862E+02  0.8000127E+02  0.2085948E+03  0.6962552E+02
  0.4165906E+02  0.7909151E+02  0.2066298E+03  0.6931548E+02
  0.4113682E+02  0.8019920E+02  0.2038026E+03  0.7006132E+02
  0.4170806E+02  0.7967100E+02  0.2156638E+03  0.6896656E+02
  0.4173176E+02  0.7968355E+02  0.2041190E+03  0.6978860E+02
  0.4187551E+02  0.8296075E+02  0.2255540E+03  0.6956731E+02
  0.4191871E+02  0.8117580E+02  0.2258175E+03  0.6889183E+02
  0.4196493E+02  0.8257324E+02  0.2231918E+03  0.6961450E+02
  0.4120131E+02  0.8192056E+02  0.2166972E+03  0.6986202E+02
  0.4150394E+02  0.8107467E+02  0.2233050E+03  0.6903549E+02
  0.4148948E+02  0.8141512E+02  0.2219950E+03  0.6926970E+02
  0.4196127E+02  0.8354453E+02  0.2339622E+03  0.6910698E+02
  0.4128565E+02  0.8488644E+02  0.2332466E+03  0.6952255E+02
  0.4151451E+02  0.8359665E+02  0.2284765E+03  0.6954449E+02
  0.4108004E+02  0.8412870E+02  0.2317392E+03  0.6944534E+02
  0.4193317E+02  0.8440698E+02  0.2283936E+03  0.6978063E+02
  0.4100644E+02  0.8436748E+02  0.2335846E+03  0.6936600E+02
  0.4178638E+02  0.8607813E+02  0.2353728E+03  0.6960766E+02
  0.4166218E+02  0.8722884E+02  0.2390124E+03  0.6949827E+02
  0.4135450E+02  0.8657331E+02  0.2353439E+03  0.6969570E+02
  0.4199486E+02  0.8746009E+02  0.2381550E+03  0.6959565E+02
  0.4179103E+02  0.8541280E+02  0.2370581E+03  0.6934227E+02
  0.4166559E+02  0.8572266E+02  0.2383564E+03  0.6930357E+02
  0.4126038E+02  0.8899736E+02  0.2395683E+03  0.6960993E+02
  0.4148972E+02  0.8918212E+02  0.2410168E+03  0.6950109E+02
  0.4121955E+02  0.8896669E+02  0.2410261E+03  0.6949104E+02
  0.4112305E+02  0.8797401E+02  0.2400497E+03  0.6949865E+02
  0.4177087E+02  0.8767201E+02  0.2397339E+03  0.6949328E+02
  0.4195706E+02  0.8942982E+02  0.2406154E+03  0.6954148E+02
  0.4171510E+02  0.9020029E+02  0.2402466E+03  0.6957789E+02
  0.4143000E+02  0.9013105E+02  0.2404893E+03  0.6955885E+02
  0.4197321E+02  0.9007054E+02  0.2401039E+03  0.6959023E+02
  0.4156388E+02  0.9012808E+02  0.2401515E+03  0.6958611E+02
  0.4133315E+02  0.9001098E+02  0.2404452E+03  0.6956281E+02
  0.4182430E+02  0.9001092E+02  0.2400647E+03  0.6959350E+02
  0.4109668E+02  0.9360084E+02  0.2390050E+03  0.6937575E+02
  0.4199146E+02  0.9380029E+02  0.2369258E+03  0.6950644E+02
  0.4128996E+02  0.9411526E+02  0.2383977E+03  0.6933180E+02
  0.4169752E+02  0.9215463E+02  0.2386231E+03  0.6960057E+02
  0.4151793E+02  0.9284882E+02  0.2364584E+03  0.6969230E+02
  0.4174754E+02  0.9275256E+02  0.2362254E+03  0.6972369E+02
  0.4172250E+02  0.9601083E+02  0.2330773E+03  0.6930309E+02
  0.4109198E+02  0.9586991E+02  0.2309975E+03  0.6950325E+02
  0.4132856E+02  0.9466721E+02  0.2355278E+03  0.6944550E+02
  0.4145669E+02  0.9472126E+02  0.2300814E+03  0.6986244E+02
  0.4125342E+02  0.9479347E+02  0.2300303E+03  0.6985009E+02
  0.4196488E+02  0.9539395E+02  0.2357589E+03  0.6925763E+02
  0.4105070E+02  0.9815544E+02  0.2280422E+03  0.6898617E+02
  0.4143938E+02  0.9668236E+02  0.2252268E+03  0.6970801E+02
  0.4137907E+02  0.9702663E+02  0.2271122E+03  0.6945274E+02
  0.4149407E+02  0.9809503E+02  0.2262471E+03  0.6914275E+02
  0.4192692E+02  0.9853743E+02  0.2274014E+03  0.6888828E+02
  0.4178476E+02  0.9797380E+02  0.2221935E+03  0.6949126E+02
  0.4173035E+02  0.1001326E+03  0.2160500E+03  0.6903142E+02
  0.4149787E+02  0.9967748E+02  0.2068938E+03  0.6989821E+02
  0.4158915E+02  0.9925990E+02  0.2138405E+03  0.6958525E+02
  0.4183892E+02  0.9993435E+02  0.2060939E+03  0.6983429E+02
  0.4150508E+02  0.1000586E+03  0.2099133E+03  0.6950322E+02
  0.4141941E+02  0.9989548E+02  0.2120811E+03  0.6942519E+02
  0.4163747E+02  0.1021295E+03  0.2021903E+03  0.6896497E+02
  0.4122337E+02  0.1023454E+03  0.1905414E+03  0.6961216E+02
  0.4181631E+02  0.1013996E+03  0.2043985E+03  0.6921350E+02
  0.4131011E+02  0.1017275E+03  0.1998060E+03  0.6934810E+02
  0.4169587E+02  0.1011686E+03  0.1913842E+03  0.7022590E+02
  0.4124310E+02  0.1016008E+03  0.1923794E+03  0.6991862E+02
  0.4129893E+02  0.1035041E+03  0.1823336E+03  0.6942448E+02
  0.4118029E+02  0.1030343E+03  0.1860607E+03  0.6948547E+02
  0.4109142E+02  0.1030167E+03  0.1877461E+03  0.6938890E+02
  0.4171432E+02  0.1042108E+03  0.1827805E+03  0.6893851E+02
  0.4138600E+02  0.1029817E+03  0.1832565E+03  0.6969633E+02
  0.4181039E+02  0.1027751E+03  0.1764111E+03  0.7025937E+02
  0.4194478E+02  0.1045543E+03  0.1692436E+03  0.6951320E+02
  0.4103749E+02  0.1054634E+03  0.1700628E+03  0.6882552E+02
  0.4117642E+02  0.1057846E+03  0.1726270E+03  0.6845131E+02
  0.4192401E+02  0.1046270E+03  0.1669621E+03  0.6959502E+02
  0.4198590E+02  0.1044846E+03  0.1615791E+03  0.7000567E+02
  0.4179166E+02  0.1049228E+03  0.1576352E+03  0.6991344E+02
  0.4133274E+02  0.1060739E+03  0.1314426E+03  0.7039135E+02
  0.4168036E+02  0.1065860E+03  0.1528238E+03  0.6892135E+02
  0.4187185E+02  0.1059057E+03  0.1421240E+03  0.6999691E+02
  0.4105276E+02  0.1068981E+03  0.1402052E+03  0.6930431E+02
  0.4156114E+02  0.1069844E+03  0.1429448E+03  0.6910233E+02
  0.4137436E+02  0.1068959E+03  0.1510240E+03  0.6877204E+02
  0.4110191E+02  0.1071970E+03  0.1084279E+03  0.7046339E+02
  0.4183755E+02  0.1075653E+03  0.1131918E+03  0.6995062E+02
  0.4140906E+02  0.1080088E+03  0.1314043E+03  0.6879879E+02
  0.4147145E+02  0.1078079E+03  0.1188605E+03  0.6950790E+02
  0.4175438E+02  0.1081373E+03  0.1175283E+03  0.6927848E+02
  0.4167894E+02  0.1078516E+03  0.1149812E+03  0.6962955E+02
  0.4198062E+02  0.1085405E+03  0.9144069E+02  0.6988126E+02
  0.4173744E+02  0.1086513E+03  0.9922427E+02  0.6951640E+02
  0.4137452E+02  0.1090136E+03  0.1057370E+03  0.6895909E+02
  0.4130225E+02  0.1084098E+03  0.1042970E+03  0.6955145E+02
  0.4130773E+02  0.1090807E+03  0.1006414E+03  0.6907883E+02
  0.4146605E+02  0.1088379E+03  0.1031594E+03  0.6920920E+02
  0.4110646E+02  0.1094130E+03  0.8312670E+02  0.6933170E+02
  0.4177846E+02  0.1098025E+03  0.7627605E+02  0.6915583E+02
  0.4105114E+02  0.1093433E+03  0.7938453E+02  0.6950391E+02
  0.4135971E+02  0.1093555E+03  0.6313072E+02  0.6990655E+02
  0.4172775E+02  0.1098441E+03  0.7724345E+02  0.6909077E+02
  0.4181589E+02  0.1092610E+03  0.7159913E+02  0.6979101E+02
  0.4120785E+02  0.1101909E+03  0.5433677E+02  0.6928326E+02
  0.4131706E+02  0.1102606E+03  0.3543687E+02  0.6951452E+02
  0.4121970E+02  0.1100559E+03  0.4672040E+02  0.6955090E+02
  0.4108264E+02  0.1100164E+03  0.4273257E+02  0.6965334E+02
  0.4131773E+02  0.1101742E+03  0.3396894E+02  0.6961814E+02
  0.4169089E+02  0.1100725E+03  0.5267834E+02  0.6942969E+02
  0.4147782E+02  0.1103586E+03  0.2712127E+02  0.6950999E+02
  0.4175572E+02  0.1103511E+03  0.3148108E+02  0.6947208E+02
  0.4189699E+02  0.1104222E+03  0.1902180E+02  0.6951324E+02
  0.4146832E+02  0.1103813E+03  0.1836275E+02  0.6955846E+02
  0.4171243E+02  0.1104284E+03  0.1456557E+02  0.6953370E+02
  0.4155103E+02  0.1103665E+03  0.1615107E+02  0.6958678E+02
  0.4103213E+02  0.1103665E+03  0.1615107E+02  0.6958678E+02
  0.4163279E+02  0.1103665E+03  0.1615107E+02  0.6958678E+02
  0.4165862E+02  0.1103665E+03  0.1615107E+02  0.6958678E+02
  0.4156256E+02  0.1103665E+03  0.1615107E+02  0.6958678E+02
  0.4107314E+02  0.1103665E+03  0.1615107E+02  0.6958678E+02
  0.4167655E+02  0.1103665E+03  0.1615107E+02  0.6958678E+02
  0.4113208E+02  0.6985638E+02  0.4566739E+02  0.6948229E+02
  0.4153487E+02  0.6967295E+02  0.2306139E+02  0.6957769E+02
  0.4176677E+02  0.6981474E+02  0.3231718E+02  0.6962677E+02
  0.4166626E+02  0.6962542E+02  0.2992691E+02  0.6946572E+02
  0.4140775E+02  0.6975037E+02  0.4454393E+02  0.6939626E+02
  0.4134050E+02  0.6961024E+02  0.2817040E+02  0.6946877E+02
  0.4110756E+02  0.7016779E+02  0.5920776E+02  0.6953337E+02
  0.4190909E+02  0.7012829E+02  0.5369419E+02  0.6960586E+02
  0.4162263E+02  0.7021159E+02  0.6919128E+02  0.6934912E+02
  0.4144926E+02  0.7016502E+02  0.7014863E+02  0.6928131E+02
  0.4151175E+02  0.6997151E+02  0.4910423E+02  0.6953711E+02
  0.4190340E+02  0.6992352E+02  0.7211903E+02  0.6900252E+02
  0.4193079E+02  0.7065837E+02  0.8868823E+02  0.6923138E+02
  0.4142812E+02  0.7094058E+02  0.9455827E+02  0.6930379E+02
  0.4118206E+02  0.7055091E+02  0.8459205E+02  0.6925507E+02
  0.4153073E+02  0.7110858E+02  0.9291725E+02  0.6951146E+02
  0.4154144E+02  0.7094029E+02  0.9745839E+02  0.6920675E+02
  0.4137524E+02  0.7114769E+02  0.8715747E+02  0.6973147E+02
  0.4130876E+02  0.7164297E+02  0.1116560E+03  0.6932016E+02
  0.4161470E+02  0.7216868E+02  0.1147574E+03  0.6965626E+02
  0.4169686E+02  0.7137483E+02  0.1131334E+03  0.6902719E+02
  0.4142894E+02  0.7159499E+02  0.1047031E+03  0.6954077E+02
  0.4139364E+02  0.7176854E+02  0.1186374E+03  0.6915184E+02
  0.4164428E+02  0.7215953E+02  0.1122146E+03  0.6975059E+02
  0.4112853E+02  0.7322110E+02  0.1295191E+03  0.6990638E+02
  0.4152156E+02  0.7266434E+02  0.1419550E+03  0.6886766E+02
  0.4139204E+02  0.7292568E+02  0.1220231E+03  0.6999755E+02
  0.4144766E+02  0.7330711E+02  0.1297834E+03  0.6996495E+02
  0.4177051E+02  0.7316677E+02  0.1426913E+03  0.6923543E+02
  0.4187324E+02  0.7351503E+02  0.1234902E+03  0.7042601E+02
  0.4173244E+02  0.7442928E+02  0.1472829E+03  0.6998987E+02
  0.4180134E+02  0.7381951E+02  0.1453532E+03  0.6961809E+02
  0.4186896E+02  0.7468954E+02  0.1599688E+03  0.6950069E+02
  0.4184856E+02  0.7469783E+02  0.1487856E+03  0.7011466E+02
  0.4149452E+02  0.7460038E+02  0.1534680E+03  0.6978998E+02
  0.4143434E+02  0.7418873E+02  0.1553912E+03  0.6937776E+02
  0.4138943E+02  0.7622115E+02  0.1649012E+03  0.7030402E+02
  0.4109710E+02  0.7620823E+02  0.1769174E+03  0.6957149E+02
  0.4122416E+02  0.7555612E+02  0.1730020E+03  0.6936863E+02
  0.4102005E+02  0.7667088E+02  0.1675407E+03  0.7044943E+02
  0.4157519E+02  0.7558006E+02  0.1709165E+03  0.6950808E+02
  0.4164673E+02  0.7599230E+02  0.1692003E+03  0.6989195E+02
  0.4118862E+02  0.7709816E+02  0.1926652E+03  0.6914290E+02
  0.4112389E+02  0.7750972E+02  0.1888053E+03  0.6963956E+02
  0.4149978E+02  0.7742782E+02  0.1902684E+03  0.6949556E+02
  0.4117787E+02  0.7750164E+02  0.1959649E+03  0.6916691E+02
  0.4110400E+02  0.7759369E+02  0.1854484E+03  0.6990797E+02
  0.4182439E+02  0.7701502E+02  0.1978348E+03  0.6875882E+02
  0.4143760E+02  0.7906074E+02  0.2120867E+03  0.6892034E+02
  0.4138357E+02  0.7920953E+02  0.2077058E+03  0.6930048E+02
  0.4152273E+02  0.7987893E+02  0.2129980E+03  0.6925419E+02
  0.4195388E+02  0.8048897E+02  0.2043289E+03  0.7015989E+02
  0.4134844E+02  0.8010139E+02  0.2112272E+03  0.6948480E+02
  0.4178788E+02  0.7854582E+02  0.2022196E+03  0.6933311E+02
  0.4142315E+02  0.8113944E+02  0.2162599E+03  0.6957958E+02
  0.4196489E+02  0.8116946E+02  0.2238878E+03  0.6903129E+02
  0.4190132E+02  0.8154028E+02  0.2204306E+03  0.6943528E+02
  0.4148970E+02  0.8146018E+02  0.2245140E+03  0.6910117E+02
  0.4164892E+02  0.8176320E+02  0.2159571E+03  0.6985568E+02
  0.4195107E+02  0.8180473E+02  0.2184496E+03  0.6968636E+02
  0.4132151E+02  0.8461342E+02  0.2287001E+03  0.6981062E+02
  0.4138517E+02  0.8337069E+02  0.2298748E+03  0.6936818E+02
  0.4185650E+02  0.8426691E+02  0.2297932E+03  0.6963410E+02
  0.4140824E+02  0.8444492E+02  0.2262780E+03  0.6995573E+02
  0.4121530E+02  0.8402649E+02  0.2250130E+03  0.6993842E+02
  0.4117734E+02  0.8299241E+02  0.2299557E+03  0.6924226E+02
  0.4147315E+02  0.8567780E+02  0.2380737E+03  0.6931695E+02
  0.4173737E+02  0.8637588E+02  0.2378163E+03  0.6946627E+02
  0.4177058E+02  0.8476105E+02  0.2355847E+03  0.6930937E+02
  0.4169606E+02  0.8658986E+02  0.2382512E+03  0.6946680E+02
  0.4172163E+02  0.8615058E+02  0.2383409E+03  0.6938543E+02
  0.4138008E+02  0.8631488E+02  0.2367994E+03  0.6953665E+02
  0.4135293E+02  0.8807485E+02  0.2406489E+03  0.6945984E+02
  0.4146406E+02  0.8707944E+02  0.2394311E+03  0.6944498E+02
  0.4190626E+02  0.8730788E+02  0.2390960E+03  0.6950167E+02
  0.4134721E+02  0.8889649E+02  0.2397343E+03  0.6959158E+02
  0.4137369E+02  0.8699446E+02  0.2401565E+03  0.6937537E+02
  0.4161136E+02  0.8875662E+02  0.2389485E+03  0.6964717E+02
  0.4106535E+02  0.9028987E+02  0.2406021E+03  0.6954819E+02
  0.4158616E+02  0.9003060E+02  0.2408872E+03  0.6952715E+02
  0.4175762E+02  0.9017956E+02  0.2405531E+03  0.6955335E+02
  0.4104594E+02  0.9043181E+02  0.2407162E+03  0.6953660E+02
  0.4189940E+02  0.9039347E+02  0.2406904E+03  0.6953941E+02
  0.4175281E+02  0.9071120E+02  0.2405575E+03  0.6954191E+02
  0.4190078E+02  0.9228134E+02  0.2401737E+03  0.6946305E+02
  0.4189329E+02  0.9371815E+02  0.2392656E+03  0.6933515E+02
  0.4121286E+02  0.9223870E+02  0.2382099E+03  0.6962506E+02
  0.4189830E+02  0.9293272E+02  0.2375410E+03  0.6959431E+02
  0.4112156E+02  0.9308825E+02  0.2397202E+03  0.6939846E+02
  0.4136975E+02  0.9179375E+02  0.2382962E+03  0.6966034E+02
  0.4139558E+02  0.9497063E+02  0.2335312E+03  0.6953401E+02
  0.4101281E+02  0.9526194E+02  0.2345851E+03  0.6938188E+02
  0.4139618E+02  0.9491712E+02  0.2359937E+03  0.6935315E+02
  0.4151989E+02  0.9414515E+02  0.2318821E+03  0.6984186E+02
  0.4178446E+02  0.9563089E+02  0.2311881E+03  0.6955292E+02
  0.4109247E+02  0.9598918E+02  0.2327673E+03  0.6933312E+02
  0.4162067E+02  0.9624574E+02  0.2268838E+03  0.6971433E+02
  0.4141335E+02  0.9817558E+02  0.2250224E+03  0.6920391E+02
  0.4151213E+02  0.9674606E+02  0.2257279E+03  0.6964937E+02
  0.4122339E+02  0.9687799E+02  0.2212363E+03  0.6995022E+02
  0.4100136E+02  0.9816345E+02  0.2272394E+03  0.6904308E+02
  0.4130038E+02  0.9756722E+02  0.2222119E+03  0.6963878E+02
  0.4142814E+02  0.9903588E+02  0.2158604E+03  0.6953479E+02
  0.4126278E+02  0.9932035E+02  0.2106227E+03  0.6979212E+02
  0.4128760E+02  0.9831430E+02  0.2163151E+03  0.6979838E+02
  0.4193062E+02  0.9916576E+02  0.2199968E+03  0.6917740E+02
  0.4190625E+02  0.9830608E+02  0.2088711E+03  0.7035433E+02
  0.4107300E+02  0.9975316E+02  0.2132179E+03  0.6940933E+02
  0.4149042E+02  0.1005479E+03  0.2001624E+03  0.6994977E+02
  0.4118142E+02  0.1009729E+03  0.1971859E+03  0.6993480E+02
  0.4115980E+02  0.1004523E+03  0.1964958E+03  0.7025457E+02
  0.4171217E+02  0.1017778E+03  0.2036884E+03  0.6905829E+02
  0.4156805E+02  0.1017964E+03  0.1957046E+03  0.6958568E+02
  0.4176560E+02  0.1006747E+03  0.1954026E+03  0.7021518E+02
  0.4111784E+02  0.1035538E+03  0.1921534E+03  0.6877718E+02
  0.4163560E+02  0.1026644E+03  0.1821045E+03  0.6996638E+02
  0.4151549E+02  0.1022587E+03  0.1856241E+03  0.6998495E+02
  0.4199109E+02  0.1030481E+03  0.1832805E+03  0.6965341E+02
  0.4163372E+02  0.1027221E+03  0.1907126E+03  0.6937709E+02
  0.4183241E+02  0.1036216E+03  0.1809044E+03  0.6943763E+02
  0.4155366E+02  0.1052947E+03  0.1600417E+03  0.6950818E+02
  0.4121987E+02  0.1050883E+03  0.1664361E+03  0.6929878E+02
  0.4162741E+02  0.1043663E+03  0.1697479E+03  0.6961378E+02
  0.4126611E+02  0.1050355E+03  0.1624321E+03  0.6956305E+02
  0.4158364E+02  0.1040638E+03  0.1684049E+03  0.6990086E+02
  0.4140934E+02  0.1044881E+03  0.1619875E+03  0.6997972E+02
  0.4130955E+02  0.1055931E+03  0.1436834E+03  0.7016025E+02
  0.4139479E+02  0.1059806E+03  0.1396818E+03  0.7006120E+02
  0.4186276E+02  0.1057526E+03  0.1394903E+03  0.7025040E+02
  0.4119735E+02  0.1061065E+03  0.1384229E+03  0.7002423E+02
  0.4180135E+02  0.1055602E+03  0.1521395E+03  0.6974065E+02
  0.4181980E+02  0.1061998E+03  0.1386177E+03  0.6994043E+02
  0.4141698E+02  0.1075999E+03  0.1332246E+03  0.6905810E+02
  0.4167623E+02  0.1070183E+03  0.1164821E+03  0.7028455E+02
  0.4152929E+02  0.1069289E+03  0.1142873E+03  0.7045406E+02
  0.4193330E+02  0.1070322E+03  0.1317849E+03  0.6959299E+02
  0.4120939E+02  0.1076305E+03  0.1195083E+03  0.6963288E+02
  0.4175549E+02  0.1070968E+03  0.1218799E+03  0.6998481E+02
  0.4171455E+02  0.1081064E+03  0.9736862E+02  0.7007354E+02
  0.4196877E+02  0.1087059E+03  0.8942680E+02  0.6979480E+02
  0.4103402E+02  0.1089160E+03  0.9808820E+02  0.6931595E+02
  0.4195751E+02  0.1090283E+03  0.1089460E+03  0.6882879E+02
  0.4122253E+02  0.1088473E+03  0.9412071E+02  0.6951215E+02
  0.4112847E+02  0.1081545E+03  0.1106111E+03  0.6953881E+02
  0.4162560E+02  0.1091514E+03  0.8626502E+02  0.6948186E+02
  0.4121592E+02  0.1096781E+03  0.8666208E+02  0.6898049E+02
  0.4198536E+02  0.1093490E+03  0.8692365E+02  0.6927848E+02
  0.4159618E+02  0.1093159E+03  0.8250837E+02  0.6944034E+02
  0.4181106E+02  0.1093032E+03  0.8703098E+02  0.6931770E+02
  0.4147384E+02  0.1093455E+03  0.7968308E+02  0.6949342E+02
  0.4181922E+02  0.1099453E+03  0.3910181E+02  0.6977670E+02
  0.4142999E+02  0.1099715E+03  0.5873648E+02  0.6940858E+02
  0.4174644E+02  0.1098369E+03  0.5722004E+02  0.6956994E+02
  0.4187242E+02  0.1099802E+03  0.5307947E+02  0.6951205E+02
  0.4168380E+02  0.1100254E+03  0.5069346E+02  0.6951195E+02
  0.4178529E+02  0.1098986E+03  0.5620986E+02  0.6953051E+02
  0.4150051E+02  0.1103248E+03  0.3165348E+02  0.6949616E+02
  0.4167880E+02  0.1102508E+03  0.1410970E+02  0.6971332E+02
  0.4180399E+02  0.1104416E+03  0.2237280E+02  0.6946925E+02
  0.4106896E+02  0.1102807E+03  0.2640066E+02  0.6959430E+02
  0.4181082E+02  0.1102550E+03  0.2777120E+02  0.6960646E+02
  0.4130282E+02  0.1103124E+03  0.1902697E+02  0.6962268E+02
  0.4154405E+02  0.7052435E+02  0.2415022E+02  0.7041497E+02
  0.4103656E+02  0.7061176E+02  0.1696287E+02  0.7055744E+02
  0.4112763E+02  0.7054810E+02  0.1121107E+01  0.7054786E+02
  0.4167782E+02  0.7059039E+02  0.1541472E+02  0.7054558E+02
  0.4152413E+02  0.7059730E+02  0.1321071E+02  0.7056436E+02
  0.4188345E+02  0.7055981E+02  0.2442407E+02  0.7044773E+02
  0.4194986E+02  0.7076988E+02  0.4290038E+02  0.7042256E+02
  0.4105905E+02  0.7090261E+02  0.2633823E+02  0.7076984E+02
  0.4178722E+02  0.7068532E+02  0.2730103E+02  0.7054442E+02
  0.4145100E+02  0.7066972E+02  0.4308685E+02  0.7032133E+02
  0.4130286E+02  0.7069680E+02  0.4483367E+02  0.7031936E+02
  0.4178673E+02  0.7097636E+02  0.2756628E+02  0.7083037E+02
  0.4186108E+02  0.7126702E+02  0.5901767E+02  0.7059786E+02
  0.4135282E+02  0.7145541E+02  0.7240207E+02  0.7044828E+02
  0.4134520E+02  0.7132545E+02  0.5479694E+02  0.7074503E+02
  0.4167562E+02  0.7150722E+02  0.7315796E+02  0.7047668E+02
  0.4139016E+02  0.7135359E+02  0.6132660E+02  0.7062876E+02
  0.4151037E+02  0.7109655E+02  0.6064989E+02  0.7039728E+02
  0.4195037E+02  0.7198636E+02  0.7673077E+02  0.7082590E+02
  0.4182455E+02  0.7197213E+02  0.8141862E+02  0.7067242E+02
  0.4151577E+02  0.7183674E+02  0.8136333E+02  0.7054841E+02
  0.4122840E+02  0.7166240E+02  0.9077723E+02  0.7008885E+02
  0.4143994E+02  0.7167240E+02  0.8642750E+02  0.7023890E+02
  0.4175226E+02  0.7165870E+02  0.8345630E+02  0.7031914E+02
  0.4138215E+02  0.7299383E+02  0.1197006E+03  0.7015650E+02
  0.4128284E+02  0.7257452E+02  0.1019681E+03  0.7051432E+02
  0.4142200E+02  0.7302071E+02  0.1190127E+03  0.7020912E+02
  0.4150617E+02  0.7249689E+02  0.1068689E+03  0.7025711E+02
  0.4131658E+02  0.7280300E+02  0.1191850E+03  0.7001668E+02
  0.4168964E+02  0.7337584E+02  0.1009578E+03  0.7126130E+02
  0.4141829E+02  0.7390009E+02  0.1284437E+03  0.7051348E+02
  0.4192125E+02  0.7379760E+02  0.1308301E+03  0.7031658E+02
  0.4190436E+02  0.7377774E+02  0.1383395E+03  0.6993628E+02
  0.4129904E+02  0.7443610E+02  0.1313666E+03  0.7080537E+02
  0.4145827E+02  0.7362313E+02  0.1357715E+03  0.6993797E+02
  0.4156866E+02  0.7383799E+02  0.1413571E+03  0.6983413E+02
  0.4107627E+02  0.7607243E+02  0.1474169E+03  0.7121104E+02
  0.4148071E+02  0.7527660E+02  0.1528513E+03  0.7032523E+02
  0.4108955E+02  0.7581012E+02  0.1452780E+03  0.7113757E+02
  0.4127092E+02  0.7549384E+02  0.1440426E+03  0.7096953E+02
  0.4121467E+02  0.7606977E+02  0.1518459E+03  0.7095830E+02
  0.4198116E+02  0.7579379E+02  0.1475422E+03  0.7100004E+02
  0.4198432E+02  0.7762481E+02  0.1620149E+03  0.7141904E+02
  0.4137135E+02  0.7689041E+02  0.1665917E+03  0.7065335E+02
  0.4122011E+02  0.7670406E+02  0.1759074E+03  0.6995760E+02
  0.4154259E+02  0.7665240E+02  0.1657020E+03  0.7054860E+02
  0.4181688E+02  0.7651666E+02  0.1709426E+03  0.7013975E+02
  0.4174774E+02  0.7674692E+02  0.1629308E+03  0.7077972E+02
  0.4102630E+02  0.7820732E+02  0.1874853E+03  0.7013614E+02
  0.4104166E+02  0.7882641E+02  0.1802200E+03  0.7097709E+02
  0.4148377E+02  0.7795180E+02  0.1880769E+03  0.6994846E+02
  0.4123327E+02  0.7911697E+02  0.1882361E+03  0.7059684E+02
  0.4192535E+02  0.7866239E+02  0.1820003E+03  0.7076378E+02
  0.4191019E+02  0.7952935E+02  0.1863573E+03  0.7094883E+02
  0.4178344E+02  0.8112949E+02  0.1940787E+03  0.7119679E+02
  0.4181187E+02  0.8100365E+02  0.2043759E+03  0.7039036E+02
  0.4145081E+02  0.8108091E+02  0.2053171E+03  0.7035584E+02
  0.4186511E+02  0.8081187E+02  0.2001643E+03  0.7060955E+02
  0.4198057E+02  0.8039073E+02  0.1989989E+03  0.7049596E+02
  0.4141826E+02  0.8054349E+02  0.2037188E+03  0.7022908E+02
  0.4124762E+02  0.8194729E+02  0.2088217E+03  0.7046033E+02
  0.4168889E+02  0.8151115E+02  0.2136822E+03  0.6992327E+02
  0.4133387E+02  0.8288946E+02  0.2093654E+03  0.7077583E+02
  0.4163722E+02  0.8311232E+02  0.2153055E+03  0.7040037E+02
  0.4183479E+02  0.8260471E+02  0.2059171E+03  0.7093307E+02
  0.4147309E+02  0.8148479E+02  0.2123264E+03  0.7001270E+02
  0.4147968E+02  0.8434164E+02  0.2171068E+03  0.7064329E+02
  0.4155714E+02  0.8346385E+02  0.2200993E+03  0.7014814E+02
  0.4180007E+02  0.8480293E+02  0.2157491E+03  0.7087525E+02
  0.4139834E+02  0.8367359E+02  0.2172443E+03  0.7043415E+02
  0.4145014E+02  0.8461527E+02  0.2176215E+03  0.7067839E+02
  0.4141268E+02  0.8355842E+02  0.2208400E+03  0.7012090E+02
  0.4112729E+02  0.8645239E+02  0.2263577E+03  0.7039271E+02
  0.4127933E+02  0.8603540E+02  0.2229098E+03  0.7059070E+02
  0.4198186E+02  0.8650114E+02  0.2259875E+03  0.7043075E+02
  0.4150024E+02  0.8711325E+02  0.2245557E+03  0.7064225E+02
  0.4158128E+02  0.8735637E+02  0.2252891E+03  0.7061658E+02
  0.4134647E+02  0.8705985E+02  0.2261919E+03  0.7050295E+02
  0.4148042E+02  0.8853064E+02  0.2287112E+03  0.7045942E+02
  0.4155650E+02  0.8859434E+02  0.2275890E+03  0.7055486E+02
  0.4112516E+02  0.8954699E+02  0.2283584E+03  0.7053618E+02
  0.4116049E+02  0.8911234E+02  0.2277857E+03  0.7056828E+02
  0.4173730E+02  0.8976603E+02  0.2277934E+03  0.7058581E+02
  0.4135431E+02  0.8913371E+02  0.2283809E+03  0.7052090E+02
  0.4157557E+02  0.9008569E+02  0.2278690E+03  0.7058084E+02
  0.4101853E+02  0.9009172E+02  0.2275865E+03  0.7060377E+02
  0.4127157E+02  0.9004254E+02  0.2276853E+03  0.7059590E+02
  0.4129103E+02  0.9006011E+02  0.2284610E+03  0.7053283E+02
  0.4138093E+02  0.9010295E+02  0.2277333E+03  0.7059178E+02
  0.4189146E+02  0.9002862E+02  0.2278956E+03  0.7057884E+02
  0.4176533E+02  0.9387671E+02  0.2236362E+03  0.7054985E+02
  0.4194638E+02  0.9355791E+02  0.2246539E+03  0.7052716E+02
  0.4199447E+02  0.9296212E+02  0.2233830E+03  0.7072564E+02
  0.4110809E+02  0.9329273E+02  0.2260993E+03  0.7045623E+02
  0.4105849E+02  0.9269756E+02  0.2255254E+03  0.7059040E+02
  0.4142708E+02  0.9219650E+02  0.2242067E+03  0.7075791E+02
  0.4143563E+02  0.9618650E+02  0.2172638E+03  0.7047586E+02
  0.4156638E+02  0.9454026E+02  0.2213381E+03  0.7059412E+02
  0.4117253E+02  0.9632476E+02  0.2211484E+03  0.7013327E+02
  0.4111169E+02  0.9468826E+02  0.2213972E+03  0.7055556E+02
  0.4199861E+02  0.9561716E+02  0.2206025E+03  0.7038186E+02
  0.4199690E+02  0.9525539E+02  0.2200021E+03  0.7052585E+02
  0.4190727E+02  0.9812896E+02  0.2136313E+03  0.7007143E+02
  0.4150876E+02  0.9763787E+02  0.2080967E+03  0.7067669E+02
  0.4121764E+02  0.9677050E+02  0.2069273E+03  0.7108173E+02
  0.4173254E+02  0.9657045E+02  0.2082827E+03  0.7104588E+02
  0.4184339E+02  0.9786529E+02  0.2117260E+03  0.7031671E+02
  0.4141050E+02  0.9776315E+02  0.2109948E+03  0.7041085E+02
  0.4177125E+02  0.9909387E+02  0.2030399E+03  0.7044393E+02
  0.4183462E+02  0.9897003E+02  0.1964115E+03  0.7098167E+02
  0.4179900E+02  0.9968696E+02  0.2059301E+03  0.6996288E+02
  0.4139113E+02  0.9910610E+02  0.1974969E+03  0.7084041E+02
  0.4146398E+02  0.9903708E+02  0.2045476E+03  0.7035973E+02
  0.4180863E+02  0.9883953E+02  0.1998356E+03  0.7079135E+02
  0.4104508E+02  0.1019582E+03  0.1904295E+03  0.6984528E+02
  0.4101933E+02  0.1010819E+03  0.1884069E+03  0.7047603E+02
  0.4124329E+02  0.1004662E+03  0.1822285E+03  0.7123574E+02
  0.4120073E+02  0.1012575E+03  0.1904063E+03  0.7024324E+02
  0.4149293E+02  0.1010384E+03  0.1817745E+03  0.7094945E+02
  0.4128305E+02  0.1006934E+03  0.1913608E+03  0.7048461E+02
  0.4125633E+02  0.1036909E+03  0.1781770E+03  0.6956062E+02
  0.4121574E+02  0.1030393E+03  0.1653033E+03  0.7077879E+02
  0.4105775E+02  0.1022360E+03  0.1748346E+03  0.7069696E+02
  0.4150170E+02  0.1032814E+03  0.1782398E+03  0.6982209E+02
  0.4117844E+02  0.1031754E+03  0.1767532E+03  0.6998283E+02
  0.4196800E+02  0.1022118E+03  0.1682773E+03  0.7113049E+02
  0.4102682E+02  0.1037194E+03  0.1492868E+03  0.7125586E+02
  0.4102453E+02  0.1040238E+03  0.1474585E+03  0.7113845E+02
  0.4143481E+02  0.1044522E+03  0.1574360E+03  0.7026522E+02
  0.4102526E+02  0.1040800E+03  0.1470104E+03  0.7112236E+02
  0.4113537E+02  0.1044155E+03  0.1454150E+03  0.7096252E+02
  0.4151136E+02  0.1051072E+03  0.1486267E+03  0.7027026E+02
  0.4176491E+02  0.1059277E+03  0.1367288E+03  0.7025030E+02
  0.4182726E+02  0.1053525E+03  0.1266370E+03  0.7120656E+02
  0.4106870E+02  0.1058276E+03  0.1283099E+03  0.7074136E+02
  0.4155889E+02  0.1061409E+03  0.1421435E+03  0.6981129E+02
  0.4152692E+02  0.1063698E+03  0.1243957E+03  0.7048031E+02
  0.4188891E+02  0.1052852E+03  0.1383404E+03  0.7067475E+02
  0.4145743E+02  0.1071206E+03  0.1181738E+03  0.7012505E+02
  0.4178735E+02  0.1066480E+03  0.1020514E+03  0.7119742E+02
  0.4100144E+02  0.1069001E+03  0.1050377E+03  0.7085820E+02
  0.4100677E+02  0.1070619E+03  0.1196755E+03  0.7011033E+02
  0.4187850E+02  0.1065524E+03  0.1108871E+03  0.7092046E+02
  0.4171079E+02  0.1070851E+03  0.1109218E+03  0.7045951E+02
  0.4119813E+02  0.1080609E+03  0.9531741E+02  0.7018667E+02
  0.4155607E+02  0.1081296E+03  0.9033061E+02  0.7029390E+02
  0.4163741E+02  0.1075840E+03  0.8250650E+02  0.7104925E+02
  0.4166759E+02  0.1075227E+03  0.9683314E+02  0.7061785E+02
  0.4182206E+02  0.1078441E+03  0.9573270E+02  0.7036797E+02
  0.4185604E+02  0.1080648E+03  0.8018951E+02  0.7067552E+02
  0.4178698E+02  0.1083640E+03  0.5643180E+02  0.7101026E+02
  0.4138414E+02  0.1086155E+03  0.7178499E+02  0.7039777E+02
  0.4197760E+02  0.1087032E+03  0.7382113E+02  0.7026012E+02
  0.4105136E+02  0.1083504E+03  0.7454933E+02  0.7057237E+02
  0.4195363E+02  0.1088165E+03  0.6101388E+02  0.7047257E+02
  0.4172629E+02  0.1084803E+03  0.7540401E+02  0.7042633E+02
  0.4148194E+02  0.1091335E+03  0.4661964E+02  0.7045499E+02
  0.4175848E+02  0.1091572E+03  0.3800960E+02  0.7056838E+02
  0.4172879E+02  0.1090493E+03  0.2995430E+02  0.7077870E+02
  0.4195530E+02  0.1090875E+03  0.5152802E+02  0.7040988E+02
  0.4130327E+02  0.1092131E+03  0.2799936E+02  0.7063786E+02
  0.4101394E+02  0.1090880E+03  0.5264094E+02  0.7038781E+02
  0.4140108E+02  0.1094791E+03  0.1977707E+02  0.7044749E+02
  0.4165541E+02  0.1094674E+03  0.2402367E+02  0.7042436E+02
  0.4130596E+02  0.1094215E+03  0.1007916E+02  0.7055929E+02
  0.4111675E+02  0.1094421E+03  0.4007573E+01  0.7055487E+02
  0.4193640E+02  0.1094857E+03  0.2434655E+02  0.7040319E+02
  0.4104822E+02  0.1094894E+03  0.1301170E+02  0.7047880E+02
  0.4122392E+02  0.1094894E+03  0.1301170E+02  0.7047880E+02
  0.4127727E+02  0.1094894E+03  0.1301170E+02  0.7047880E+02
  0.4107798E+02  0.1094894E+03  0.1301170E+02  0.7047880E+02
  0.4107627E+02  0.1094894E+03  0.1301170E+02  0.7047880E+02
  0.4120399E+02  0.1094894E+03  0.1301170E+02  0.7047880E+02
  0.4107147E+02  0.1094894E+03  0.1301170E+02  0.7047880E+02
  0.4148685E+02  0.7081559E+02  0.3362412E+02  0.7060080E+02
  0.4101089E+02  0.7074243E+02  0.4641891E+02  0.7033715E+02
  0.4191786E+02  0.7063864E+02  0.2445159E+02  0.7052581E+02
  0.4196267E+02  0.7085738E+02  0.3575259E+02  0.7061418E+02
  0.4133313E+02  0.7065509E+02  0.2936725E+02  0.7049244E+02
  0.4160550E+02  0.7071450E+02  0.3792713E+02  0.7044323E+02
  0.4193014E+02  0.7137011E+02  0.7122546E+02  0.7039904E+02
  0.4103342E+02  0.7109146E+02  0.6262569E+02  0.7034715E+02
  0.4133404E+02  0.7141455E+02  0.6178512E+02  0.7067658E+02
  0.4175235E+02  0.7121821E+02  0.4921423E+02  0.7075122E+02
  0.4121870E+02  0.7143804E+02  0.5972126E+02  0.7074662E+02
  0.4152349E+02  0.7128158E+02  0.6254992E+02  0.7053121E+02
  0.4139048E+02  0.7185445E+02  0.8201108E+02  0.7054507E+02
  0.4132947E+02  0.7225113E+02  0.7895773E+02  0.7100660E+02
  0.4127100E+02  0.7207067E+02  0.9518028E+02  0.7031044E+02
  0.4172901E+02  0.7207183E+02  0.8060364E+02  0.7078991E+02
  0.4156035E+02  0.7225218E+02  0.7714648E+02  0.7106194E+02
  0.4115881E+02  0.7207653E+02  0.8905412E+02  0.7052477E+02
  0.4169042E+02  0.7319570E+02  0.1082369E+03  0.7081275E+02
  0.4181041E+02  0.7302734E+02  0.1179119E+03  0.7026226E+02
  0.4133436E+02  0.7231083E+02  0.1079060E+03  0.7005310E+02
  0.4119343E+02  0.7313342E+02  0.9969177E+02  0.7109632E+02
  0.4149131E+02  0.7244112E+02  0.1146443E+03  0.6989682E+02
  0.4144667E+02  0.7305448E+02  0.1168079E+03  0.7033276E+02
  0.4150280E+02  0.7337926E+02  0.1316012E+03  0.6993917E+02
  0.4124682E+02  0.7369457E+02  0.1233033E+03  0.7058375E+02
  0.4164148E+02  0.7409929E+02  0.1266488E+03  0.7076109E+02
  0.4101680E+02  0.7439757E+02  0.1349061E+03  0.7059923E+02
  0.4151961E+02  0.7383191E+02  0.1191535E+03  0.7088648E+02
  0.4103247E+02  0.7409399E+02  0.1288559E+03  0.7065161E+02
  0.4117508E+02  0.7579419E+02  0.1513585E+03  0.7078679E+02
  0.4132527E+02  0.7535126E+02  0.1409730E+03  0.7102698E+02
  0.4110586E+02  0.7487464E+02  0.1422125E+03  0.7059731E+02
  0.4135808E+02  0.7521794E+02  0.1534451E+03  0.7024924E+02
  0.4106116E+02  0.7537310E+02  0.1548786E+03  0.7028298E+02
  0.4176291E+02  0.7522202E+02  0.1433747E+03  0.7080060E+02
  0.4112215E+02  0.7664352E+02  0.1615625E+03  0.7079182E+02
  0.4148894E+02  0.7698889E+02  0.1738300E+03  0.7027071E+02
  0.4182584E+02  0.7697951E+02  0.1646624E+03  0.7083049E+02
  0.4164346E+02  0.7705321E+02  0.1702366E+03  0.7053577E+02
  0.4173794E+02  0.7606498E+02  0.1676567E+03  0.7003338E+02
  0.4129187E+02  0.7710426E+02  0.1663383E+03  0.7081017E+02
  0.4185595E+02  0.7890604E+02  0.1765304E+03  0.7127000E+02
  0.4142135E+02  0.7886985E+02  0.1792268E+03  0.7106859E+02
  0.4140927E+02  0.7764123E+02  0.1785329E+03  0.7038366E+02
  0.4199766E+02  0.7927349E+02  0.1883933E+03  0.7067106E+02
  0.4175342E+02  0.7883309E+02  0.1881800E+03  0.7044430E+02
  0.4182802E+02  0.7813855E+02  0.1867923E+03  0.7014220E+02
  0.4106714E+02  0.8057038E+02  0.1988010E+03  0.7059544E+02
  0.4183489E+02  0.8023849E+02  0.2022914E+03  0.7018794E+02
  0.4112125E+02  0.8065573E+02  0.1930197E+03  0.7105116E+02
  0.4191992E+02  0.7950207E+02  0.1976218E+03  0.7015260E+02
  0.4149866E+02  0.7982133E+02  0.2037398E+03  0.6988319E+02
  0.4107413E+02  0.8112436E+02  0.2035387E+03  0.7050489E+02
  0.4111967E+02  0.8266564E+02  0.2059521E+03  0.7095322E+02
  0.4125139E+02  0.8130885E+02  0.2143494E+03  0.6979070E+02
  0.4158786E+02  0.8258093E+02  0.2075339E+03  0.7080189E+02
  0.4130739E+02  0.8201813E+02  0.2132650E+03  0.7015633E+02
  0.4117022E+02  0.8224704E+02  0.2093520E+03  0.7053813E+02
  0.4149821E+02  0.8172442E+02  0.2060015E+03  0.7057973E+02
  0.4153087E+02  0.8490207E+02  0.2171263E+03  0.7079257E+02
  0.4125846E+02  0.8357650E+02  0.2156802E+03  0.7052424E+02
  0.4189857E+02  0.8471485E+02  0.2189808E+03  0.7059822E+02
  0.4110107E+02  0.8404311E+02  0.2180081E+03  0.7048704E+02
  0.4156199E+02  0.8387131E+02  0.2206796E+03  0.7022887E+02
  0.4163089E+02  0.8488586E+02  0.2167202E+03  0.7082038E+02
  0.4125515E+02  0.8574482E+02  0.2251169E+03  0.7035624E+02
  0.4140647E+02  0.8647142E+02  0.2252022E+03  0.7048844E+02
  0.4166080E+02  0.8577301E+02  0.2235454E+03  0.7048694E+02
  0.4172509E+02  0.8571711E+02  0.2256391E+03  0.7030901E+02
  0.4126237E+02  0.8541772E+02  0.2254919E+03  0.7025591E+02
  0.4193937E+02  0.8607671E+02  0.2224465E+03  0.7063574E+02
  0.4114604E+02  0.8768687E+02  0.2274572E+03  0.7048224E+02
  0.4122127E+02  0.8763031E+02  0.2270566E+03  0.7050804E+02
  0.4117506E+02  0.8820714E+02  0.2269520E+03  0.7057582E+02
  0.4144664E+02  0.8875312E+02  0.2274421E+03  0.7057720E+02
  0.4133715E+02  0.8910081E+02  0.2282657E+03  0.7052882E+02
  0.4174157E+02  0.8838548E+02  0.2284313E+03  0.7047108E+02
  0.4187177E+02  0.9004268E+02  0.2283295E+03  0.7054355E+02
  0.4139070E+02  0.9001521E+02  0.2284780E+03  0.7053153E+02
  0.4154118E+02  0.9020791E+02  0.2280454E+03  0.7056561E+02
  0.4141585E+02  0.9021411E+02  0.2280017E+03  0.7056910E+02
  0.4167488E+02  0.9020416E+02  0.2282668E+03  0.7054767E+02
  0.4174904E+02  0.9012405E+02  0.2283909E+03  0.7053823E+02
  0.4188861E+02  0.9387495E+02  0.2264490E+03  0.7032593E+02
  0.4132297E+02  0.9245761E+02  0.2267181E+03  0.7052487E+02
  0.4108519E+02  0.9369325E+02  0.2268942E+03  0.7032404E+02
  0.4101957E+02  0.9247820E+02  0.2277075E+03  0.7044259E+02
  0.4193754E+02  0.9268839E+02  0.2278217E+03  0.7040673E+02
  0.4174198E+02  0.9334032E+02  0.2278291E+03  0.7030995E+02
  0.4161278E+02  0.9520127E+02  0.2205864E+03  0.7049396E+02
  0.4115496E+02  0.9443206E+02  0.2202447E+03  0.7070499E+02
  0.4173790E+02  0.9450895E+02  0.2183282E+03  0.7083983E+02
  0.4192409E+02  0.9560264E+02  0.2236963E+03  0.7014438E+02
  0.4179158E+02  0.9467452E+02  0.2190827E+03  0.7074188E+02
  0.4134445E+02  0.9495398E+02  0.2182453E+03  0.7074068E+02
  0.4140534E+02  0.9812701E+02  0.2096724E+03  0.7036723E+02
  0.4171775E+02  0.9637312E+02  0.2141254E+03  0.7066021E+02
  0.4160205E+02  0.9700819E+02  0.2159038E+03  0.7031354E+02
  0.4185557E+02  0.9625764E+02  0.2147443E+03  0.7064880E+02
  0.4187757E+02  0.9738536E+02  0.2165520E+03  0.7013182E+02
  0.4133887E+02  0.9696705E+02  0.2103947E+03  0.7074816E+02
  0.4155587E+02  0.9870039E+02  0.2027148E+03  0.7064202E+02
  0.4154340E+02  0.9959728E+02  0.2005997E+03  0.7038709E+02
  0.4168470E+02  0.9892362E+02  0.2054732E+03  0.7034245E+02
  0.4180034E+02  0.9972833E+02  0.1982535E+03  0.7049192E+02
  0.4124139E+02  0.9869316E+02  0.1981150E+03  0.7098227E+02
  0.4193108E+02  0.9833917E+02  0.1958918E+03  0.7130084E+02
  0.4173491E+02  0.1000915E+03  0.1879794E+03  0.7103573E+02
  0.4108915E+02  0.1016652E+03  0.1887542E+03  0.7012490E+02
  0.4175961E+02  0.1013868E+03  0.1819469E+03  0.7073901E+02
  0.4179257E+02  0.1016893E+03  0.1841910E+03  0.7041461E+02
  0.4118113E+02  0.1013390E+03  0.1876009E+03  0.7038718E+02
  0.4127464E+02  0.1017373E+03  0.1875619E+03  0.7016298E+02
  0.4109445E+02  0.1018822E+03  0.1716305E+03  0.7112163E+02
  0.4125987E+02  0.1026871E+03  0.1678851E+03  0.7085055E+02
  0.4119995E+02  0.1028219E+03  0.1764458E+03  0.7022755E+02
  0.4158477E+02  0.1034602E+03  0.1800950E+03  0.6959181E+02
  0.4158399E+02  0.1033855E+03  0.1715604E+03  0.7016679E+02
  0.4106641E+02  0.1033589E+03  0.1793483E+03  0.6970336E+02
  0.4197698E+02  0.1036322E+03  0.1611729E+03  0.7062596E+02
  0.4195291E+02  0.1048464E+03  0.1617141E+03  0.6973964E+02
  0.4163020E+02  0.1039364E+03  0.1576423E+03  0.7062065E+02
  0.4108573E+02  0.1037651E+03  0.1601401E+03  0.7059485E+02
  0.4128608E+02  0.1039479E+03  0.1625829E+03  0.7032431E+02
  0.4135161E+02  0.1043586E+03  0.1639176E+03  0.6995968E+02
  0.4141388E+02  0.1056425E+03  0.1381276E+03  0.7040581E+02
  0.4138231E+02  0.1052862E+03  0.1350620E+03  0.7084113E+02
  0.4114958E+02  0.1057223E+03  0.1421394E+03  0.7013937E+02
  0.4107144E+02  0.1053113E+03  0.1390962E+03  0.7061560E+02
  0.4199527E+02  0.1062356E+03  0.1363747E+03  0.7002205E+02
  0.4169963E+02  0.1053856E+03  0.1412966E+03  0.7044440E+02
  0.4177142E+02  0.1068463E+03  0.1069243E+03  0.7082955E+02
  0.4123580E+02  0.1067469E+03  0.1184268E+03  0.7043156E+02
  0.4151879E+02  0.1072630E+03  0.1243130E+03  0.6973796E+02
  0.4143722E+02  0.1071102E+03  0.1246655E+03  0.6985078E+02
  0.4170530E+02  0.1063290E+03  0.1149694E+03  0.7093635E+02
  0.4173333E+02  0.1073202E+03  0.1152466E+03  0.7007775E+02
  0.4186029E+02  0.1076436E+03  0.8947165E+02  0.7076637E+02
  0.4134243E+02  0.1079594E+03  0.9403103E+02  0.7032327E+02
  0.4178905E+02  0.1077519E+03  0.9495221E+02  0.7047880E+02
  0.4174784E+02  0.1076806E+03  0.8895911E+02  0.7074986E+02
  0.4159494E+02  0.1079566E+03  0.8219754E+02  0.7071452E+02
  0.4160119E+02  0.1076967E+03  0.8034237E+02  0.7101271E+02
  0.4111409E+02  0.1086523E+03  0.6961912E+02  0.7041986E+02
  0.4173777E+02  0.1088456E+03  0.6064294E+02  0.7045308E+02
  0.4166126E+02  0.1086363E+03  0.7404643E+02  0.7031710E+02
  0.4125559E+02  0.1083204E+03  0.6522008E+02  0.7084725E+02
  0.4126485E+02  0.1085347E+03  0.5928052E+02  0.7078279E+02
  0.4176635E+02  0.1088559E+03  0.7431877E+02  0.7010256E+02
  0.4170939E+02  0.1092437E+03  0.3469977E+02  0.7052841E+02
  0.4165268E+02  0.1091051E+03  0.5095596E+02  0.7040364E+02
  0.4188919E+02  0.1092989E+03  0.3974978E+02  0.7040362E+02
  0.4123452E+02  0.1091451E+03  0.4125653E+02  0.7053191E+02
  0.4195420E+02  0.1089923E+03  0.4535037E+02  0.7061493E+02
  0.4185782E+02  0.1090515E+03  0.4679412E+02  0.7053201E+02
  0.4121326E+02  0.1093436E+03  0.1217127E+02  0.7062835E+02
  0.4102836E+02  0.1094783E+03  0.1243840E+02  0.7049262E+02
  0.4185228E+02  0.1093480E+03  0.2599747E+02  0.7052446E+02
  0.4196302E+02  0.1093255E+03  0.1983349E+02  0.7060002E+02
  0.4161420E+02  0.1094873E+03  0.7445583E+01  0.7050223E+02
  0.4161542E+02  0.1093230E+03  0.1867588E+02  0.7061097E+02
  0.4143983E+02  0.7154860E+02  0.5832636E+01  0.7154182E+02
  0.4106830E+02  0.7153114E+02  0.3812290E+00  0.7153111E+02
  0.4199476E+02  0.7154404E+02  0.1031243E+02  0.7152285E+02
  0.4102884E+02  0.7159579E+02  0.2795773E+01  0.7159423E+02
  0.4157048E+02  0.7152328E+02  0.4443930E+01  0.7151934E+02
  0.4102626E+02  0.7155002E+02  0.2313870E+02  0.7144360E+02
  0.4194736E+02  0.7196119E+02  0.4032772E+02  0.7163241E+02
  0.4148127E+02  0.7195069E+02  0.3863335E+02  0.7164888E+02
  0.4183978E+02  0.7165078E+02  0.4269753E+02  0.7128923E+02
  0.4140706E+02  0.7187132E+02  0.2423944E+02  0.7175236E+02
  0.4113844E+02  0.7163515E+02  0.3828391E+02  0.7134409E+02
  0.4158714E+02  0.7189294E+02  0.3444217E+02  0.7165339E+02
  0.4160599E+02  0.7213465E+02  0.5910353E+02  0.7142985E+02
  0.4135869E+02  0.7233376E+02  0.4890530E+02  0.7184207E+02
  0.4134332E+02  0.7225361E+02  0.5940442E+02  0.7153688E+02
  0.4129691E+02  0.7201229E+02  0.6553400E+02  0.7115618E+02
  0.4187577E+02  0.7230892E+02  0.5474001E+02  0.7169624E+02
  0.4163169E+02  0.7234507E+02  0.5842205E+02  0.7164764E+02
  0.4149029E+02  0.7273611E+02  0.8504547E+02  0.7126139E+02
  0.4124502E+02  0.7264589E+02  0.8115749E+02  0.7130428E+02
  0.4104116E+02  0.7253655E+02  0.8413629E+02  0.7110804E+02
  0.4102645E+02  0.7327517E+02  0.9179327E+02  0.7151701E+02
  0.4177742E+02  0.7257196E+02  0.8383972E+02  0.7115021E+02
  0.4116905E+02  0.7261598E+02  0.8512769E+02  0.7114858E+02
  0.4110485E+02  0.7422660E+02  0.1124055E+03  0.7151905E+02
  0.4199674E+02  0.7379417E+02  0.1067464E+03  0.7139222E+02
  0.4123305E+02  0.7399654E+02  0.1057639E+03  0.7160782E+02
  0.4136189E+02  0.7378443E+02  0.1062791E+03  0.7140323E+02
  0.4103028E+02  0.7391330E+02  0.9485582E+02  0.7197247E+02
  0.4107703E+02  0.7421905E+02  0.1134471E+03  0.7146660E+02
  0.4199300E+02  0.7499993E+02  0.1320665E+03  0.7121814E+02
  0.4198051E+02  0.7522700E+02  0.1165872E+03  0.7216059E+02
  0.4125223E+02  0.7545614E+02  0.1302083E+03  0.7167122E+02
  0.4111943E+02  0.7483632E+02  0.1286575E+03  0.7125905E+02
  0.4198106E+02  0.7513206E+02  0.1339945E+03  0.7122345E+02
  0.4151523E+02  0.7452175E+02  0.1252795E+03  0.7117037E+02
  0.4175240E+02  0.7687500E+02  0.1468431E+03  0.7182139E+02
  0.4129880E+02  0.7668295E+02  0.1446893E+03  0.7180815E+02
  0.4172587E+02  0.7604261E+02  0.1420111E+03  0.7149020E+02
  0.4183008E+02  0.7629145E+02  0.1430615E+03  0.7161554E+02
  0.4178637E+02  0.7641842E+02  0.1471709E+03  0.7147580E+02
  0.4162359E+02  0.7685324E+02  0.1440610E+03  0.7196659E+02
  0.4145883E+02  0.7731833E+02  0.1546008E+03  0.7166973E+02
  0.4186396E+02  0.7714870E+02  0.1580063E+03  0.7134884E+02
  0.4197220E+02  0.7842001E+02  0.1636440E+03  0.7182373E+02
  0.4131876E+02  0.7771129E+02  0.1638910E+03  0.7135798E+02
  0.4199325E+02  0.7748692E+02  0.1578802E+03  0.7158355E+02
  0.4164855E+02  0.7766301E+02  0.1611386E+03  0.7149852E+02
  0.4123561E+02  0.7849977E+02  0.1800044E+03  0.7080245E+02
  0.4147889E+02  0.7998644E+02  0.1704309E+03  0.7229505E+02
  0.4153097E+02  0.7897353E+02  0.1692580E+03  0.7179376E+02
  0.4145611E+02  0.7966060E+02  0.1761899E+03  0.7171972E+02
  0.4139074E+02  0.7975058E+02  0.1748980E+03  0.7185797E+02
  0.4128313E+02  0.7981406E+02  0.1755856E+03  0.7184564E+02
  0.4197657E+02  0.8178241E+02  0.1903899E+03  0.7175982E+02
  0.4159095E+02  0.8194273E+02  0.1908914E+03  0.7179235E+02
  0.4147087E+02  0.8088332E+02  0.1918863E+03  0.7124101E+02
  0.4152662E+02  0.8168378E+02  0.1905590E+03  0.7170394E+02
  0.4185743E+02  0.8091299E+02  0.1908732E+03  0.7132814E+02
  0.4114472E+02  0.8022755E+02  0.1938912E+03  0.7078057E+02
  0.4161846E+02  0.8286348E+02  0.2005936E+03  0.7143344E+02
  0.4174876E+02  0.8350067E+02  0.2005123E+03  0.7166802E+02
  0.4183990E+02  0.8362459E+02  0.2026866E+03  0.7154244E+02
  0.4145104E+02  0.8211269E+02  0.1962209E+03  0.7146765E+02
  0.4132328E+02  0.8250470E+02  0.1987181E+03  0.7143821E+02
  0.4150500E+02  0.8203762E+02  0.1991829E+03  0.7121579E+02
  0.4144152E+02  0.8531660E+02  0.2093093E+03  0.7151439E+02
  0.4114156E+02  0.8408550E+02  0.2088685E+03  0.7121046E+02
  0.4150263E+02  0.8437950E+02  0.2096413E+03  0.7123751E+02
  0.4108961E+02  0.8388176E+02  0.2099218E+03  0.7106578E+02
  0.4141160E+02  0.8519549E+02  0.2087300E+03  0.7153025E+02
  0.4101538E+02  0.8573584E+02  0.2081048E+03  0.7170894E+02
  0.4103125E+02  0.8741805E+02  0.2127913E+03  0.7163550E+02
  0.4104125E+02  0.8698459E+02  0.2131945E+03  0.7153920E+02
  0.4180103E+02  0.8749667E+02  0.2138016E+03  0.7156402E+02
  0.4180295E+02  0.8721634E+02  0.2128766E+03  0.7160015E+02
  0.4155607E+02  0.8675822E+02  0.2116189E+03  0.7162928E+02
  0.4176173E+02  0.8737252E+02  0.2138007E+03  0.7154742E+02
  0.4131893E+02  0.8930534E+02  0.2157627E+03  0.7155571E+02
  0.4111499E+02  0.8918692E+02  0.2161322E+03  0.7152083E+02
  0.4117723E+02  0.8971015E+02  0.2155535E+03  0.7158326E+02
  0.4139678E+02  0.8821350E+02  0.2164920E+03  0.7142558E+02
  0.4133253E+02  0.8974527E+02  0.2155026E+03  0.7158793E+02
  0.4176268E+02  0.8827151E+02  0.2154624E+03  0.7151474E+02
  0.4114239E+02  0.9049020E+02  0.2160187E+03  0.7154110E+02
  0.4149687E+02  0.9141684E+02  0.2155058E+03  0.7153681E+02
  0.4129766E+02  0.9119371E+02  0.2161920E+03  0.7149601E+02
  0.4116783E+02  0.9194161E+02  0.2156786E+03  0.7147673E+02
  0.4105217E+02  0.9152882E+02  0.2159095E+03  0.7149527E+02
  0.4169804E+02  0.9023683E+02  0.2163282E+03  0.7152060E+02
  0.4156846E+02  0.9283612E+02  0.2115570E+03  0.7169927E+02
  0.4187324E+02  0.9291293E+02  0.2141154E+03  0.7148063E+02
  0.4183120E+02  0.9329210E+02  0.2136158E+03  0.7145964E+02
  0.4142951E+02  0.9332310E+02  0.2113129E+03  0.7163992E+02
  0.4162914E+02  0.9242746E+02  0.2123833E+03  0.7168902E+02
  0.4107920E+02  0.9292041E+02  0.2115471E+03  0.7168727E+02
  0.4164146E+02  0.9601298E+02  0.2048447E+03  0.7149295E+02
  0.4114185E+02  0.9560059E+02  0.2043610E+03  0.7165657E+02
  0.4101614E+02  0.9594355E+02  0.2085058E+03  0.7122982E+02
  0.4139543E+02  0.9561613E+02  0.2069408E+03  0.7145006E+02
  0.4109234E+02  0.9494175E+02  0.2058942E+03  0.7171956E+02
  0.4158222E+02  0.9591439E+02  0.2109507E+03  0.7104846E+02
  0.4143632E+02  0.9682675E+02  0.2001041E+03  0.7158419E+02
  0.4130937E+02  0.9637481E+02  0.1975740E+03  0.7193727E+02
  0.4163169E+02  0.9795665E+02  0.2010011E+03  0.7108254E+02
  0.4108959E+02  0.9696971E+02  0.2024981E+03  0.7134976E+02
  0.4103132E+02  0.9727255E+02  0.1970473E+03  0.7165089E+02
  0.4103763E+02  0.9673681E+02  0.2022930E+03  0.7144860E+02
  0.4176145E+02  0.9933160E+02  0.1854017E+03  0.7160249E+02
  0.4170266E+02  0.9906806E+02  0.1914495E+03  0.7129549E+02
  0.4167637E+02  0.9826415E+02  0.1836673E+03  0.7223403E+02
  0.4124243E+02  0.9826665E+02  0.1868668E+03  0.7199773E+02
  0.4180783E+02  0.9857589E+02  0.1864564E+03  0.7188738E+02
  0.4177406E+02  0.9824539E+02  0.1902049E+03  0.7176127E+02
  0.4102845E+02  0.1000305E+03  0.1690137E+03  0.7238291E+02
  0.4198727E+02  0.1011937E+03  0.1753957E+03  0.7128773E+02
  0.4161572E+02  0.1001004E+03  0.1780940E+03  0.7171905E+02
  0.4158752E+02  0.1010826E+03  0.1700668E+03  0.7170694E+02
  0.4112447E+02  0.1012524E+03  0.1716777E+03  0.7149961E+02
  0.4185676E+02  0.1005621E+03  0.1811081E+03  0.7126020E+02
  0.4156897E+02  0.1025474E+03  0.1571236E+03  0.7160695E+02
  0.4122580E+02  0.1020424E+03  0.1585608E+03  0.7185145E+02
  0.4193479E+02  0.1030365E+03  0.1665967E+03  0.7070146E+02
  0.4116343E+02  0.1024061E+03  0.1587986E+03  0.7159807E+02
  0.4192983E+02  0.1028883E+03  0.1627770E+03  0.7103370E+02
  0.4132544E+02  0.1019145E+03  0.1683375E+03  0.7131351E+02
  0.4156348E+02  0.1031145E+03  0.1353702E+03  0.7248284E+02
  0.4177050E+02  0.1032338E+03  0.1433425E+03  0.7194517E+02
  0.4199330E+02  0.1040725E+03  0.1504307E+03  0.7093588E+02
  0.4170425E+02  0.1043934E+03  0.1396116E+03  0.7129362E+02
  0.4107879E+02  0.1040127E+03  0.1490713E+03  0.7105596E+02
  0.4123922E+02  0.1034516E+03  0.1365485E+03  0.7216762E+02
  0.4112997E+02  0.1047089E+03  0.1154561E+03  0.7226676E+02
  0.4137708E+02  0.1050369E+03  0.1181583E+03  0.7186986E+02
  0.4155655E+02  0.1054817E+03  0.1210848E+03  0.7136674E+02
  0.4199773E+02  0.1047983E+03  0.1259916E+03  0.7168300E+02
  0.4171944E+02  0.1053390E+03  0.1216468E+03  0.7145717E+02
  0.4116349E+02  0.1047963E+03  0.1263613E+03  0.7166624E+02
  0.4139799E+02  0.1063226E+03  0.1115636E+03  0.7108874E+02
  0.4161858E+02  0.1058586E+03  0.1116844E+03  0.7147861E+02
  0.4159301E+02  0.1060736E+03  0.9353967E+02  0.7203435E+02
  0.4183252E+02  0.1061689E+03  0.1117310E+03  0.7121275E+02
  0.4170700E+02  0.1060201E+03  0.1006893E+03  0.7180159E+02
  0.4148658E+02  0.1057828E+03  0.9619768E+02  0.7218857E+02
  0.4195376E+02  0.1074169E+03  0.7567564E+02  0.7141439E+02
  0.4168559E+02  0.1070235E+03  0.7162318E+02  0.7190114E+02
  0.4125045E+02  0.1073056E+03  0.9349559E+02  0.7093310E+02
  0.4122924E+02  0.1067666E+03  0.9017242E+02  0.7153753E+02
  0.4116924E+02  0.1073922E+03  0.7970195E+02  0.7131478E+02
  0.4174728E+02  0.1074192E+03  0.7369170E+02  0.7147057E+02
  0.4132624E+02  0.1079501E+03  0.4890270E+02  0.7156631E+02
  0.4140774E+02  0.1078024E+03  0.6710881E+02  0.7129152E+02
  0.4126907E+02  0.1074646E+03  0.5157272E+02  0.7198309E+02
  0.4102725E+02  0.1078833E+03  0.5827714E+02  0.7143174E+02
  0.4193599E+02  0.1075365E+03  0.6491978E+02  0.7160089E+02
  0.4151679E+02  0.1079982E+03  0.6136068E+02  0.7124923E+02
  0.4146230E+02  0.1083372E+03  0.3754508E+02  0.7138232E+02
  0.4172092E+02  0.1083583E+03  0.4599148E+02  0.7122323E+02
  0.4159544E+02  0.1080588E+03  0.4465261E+02  0.7153953E+02
  0.4161202E+02  0.1080746E+03  0.4107801E+02  0.7158510E+02
  0.4149698E+02  0.1082057E+03  0.4032392E+02  0.7146880E+02
  0.4156101E+02  0.1083372E+03  0.4093332E+02  0.7132999E+02
  0.4128789E+02  0.1084139E+03  0.7081816E+01  0.7157603E+02
  0.4102729E+02  0.1084836E+03  0.1320693E+02  0.7148173E+02
  0.4189324E+02  0.1084255E+03  0.2211043E+02  0.7147717E+02
  0.4195982E+02  0.1084733E+03  0.6217881E+01  0.7151904E+02
  0.4122351E+02  0.1084842E+03  0.2078017E+02  0.7143005E+02
  0.4169030E+02  0.1084674E+03  0.4165322E+01  0.7152919E+02
  0.4103876E+02  0.1084674E+03  0.4165322E+01  0.7152919E+02
  0.4144973E+02  0.1084674E+03  0.4165322E+01  0.7152919E+02
  0.4187157E+02  0.1084674E+03  0.4165322E+01  0.7152919E+02
  0.4145229E+02  0.1084674E+03  0.4165322E+01  0.7152919E+02
  0.4183753E+02  0.1084674E+03  0.4165322E+01  0.7152919E+02
  0.4100680E+02  0.1084674E+03  0.4165322E+01  0.7152919E+02
  0.4197323E+02  0.7192539E+02  0.2590321E+02  0.7178919E+02
  0.4149592E+02  0.7182153E+02  0.3986603E+02  0.7150275E+02
  0.4134236E+02  0.7181261E+02  0.3104171E+02  0.7161866E+02
  0.4111443E+02  0.7189103E+02  0.4319118E+02  0.7151602E+02
  0.4135301E+02  0.7174579E+02  0.3420652E+02  0.7151149E+02
  0.4118127E+02  0.7173486E+02  0.2839090E+02  0.7157319E+02
  0.4192983E+02  0.7240908E+02  0.7094164E+02  0.7138765E+02
  0.4166956E+02  0.7208919E+02  0.5233793E+02  0.7153528E+02
  0.4122718E+02  0.7203936E+02  0.5467771E+02  0.7143753E+02
  0.4140082E+02  0.7227141E+02  0.6995476E+02  0.7128513E+02
  0.4192758E+02  0.7249565E+02  0.5779372E+02  0.7180677E+02
  0.4161210E+02  0.7237588E+02  0.6210595E+02  0.7158859E+02
  0.4100112E+02  0.7314962E+02  0.7263295E+02  0.7203353E+02
  0.4196098E+02  0.7289176E+02  0.8255347E+02  0.7148599E+02
  0.4183864E+02  0.7291201E+02  0.9012774E+02  0.7124862E+02
  0.4132297E+02  0.7254361E+02  0.8104073E+02  0.7121346E+02
  0.4107596E+02  0.7287434E+02  0.9021787E+02  0.7121135E+02
  0.4190826E+02  0.7297765E+02  0.8386836E+02  0.7152163E+02
  0.4186652E+02  0.7396645E+02  0.1049161E+03  0.7161713E+02
  0.4107304E+02  0.7342238E+02  0.1080502E+03  0.7101687E+02
  0.4161457E+02  0.7360437E+02  0.9629578E+02  0.7164349E+02
  0.4170543E+02  0.7378979E+02  0.1106223E+03  0.7122503E+02
  0.4190495E+02  0.7386111E+02  0.1109228E+03  0.7127311E+02
  0.4176929E+02  0.7365767E+02  0.9564235E+02  0.7171571E+02
  0.4167402E+02  0.7455197E+02  0.1260888E+03  0.7115591E+02
  0.4121141E+02  0.7543465E+02  0.1297945E+03  0.7167557E+02
  0.4132054E+02  0.7546165E+02  0.1265579E+03  0.7186128E+02
  0.4180549E+02  0.7551238E+02  0.1189385E+03  0.7227983E+02
  0.4192360E+02  0.7444637E+02  0.1202196E+03  0.7134807E+02
  0.4128718E+02  0.7470701E+02  0.1324430E+03  0.7096769E+02
  0.4160133E+02  0.7556495E+02  0.1363530E+03  0.7143545E+02
  0.4130608E+02  0.7643768E+02  0.1490828E+03  0.7138027E+02
  0.4168885E+02  0.7619631E+02  0.1448467E+03  0.7144583E+02
  0.4146034E+02  0.7686504E+02  0.1380278E+03  0.7231864E+02
  0.4141259E+02  0.7554065E+02  0.1454131E+03  0.7092993E+02
  0.4159957E+02  0.7643504E+02  0.1423000E+03  0.7176348E+02
  0.4122688E+02  0.7773307E+02  0.1587196E+03  0.7169470E+02
  0.4181418E+02  0.7736006E+02  0.1593044E+03  0.7141170E+02
  0.4161378E+02  0.7807824E+02  0.1640397E+03  0.7158341E+02
  0.4116746E+02  0.7800546E+02  0.1552202E+03  0.7209107E+02
  0.4127957E+02  0.7754944E+02  0.1686330E+03  0.7095608E+02
  0.4173498E+02  0.7700926E+02  0.1548299E+03  0.7144480E+02
  0.4108204E+02  0.7862072E+02  0.1800260E+03  0.7087145E+02
  0.4104496E+02  0.7898500E+02  0.1807155E+03  0.7103411E+02
  0.4150852E+02  0.7858115E+02  0.1785454E+03  0.7094682E+02
  0.4151018E+02  0.7950832E+02  0.1727692E+03  0.7186790E+02
  0.4179853E+02  0.7937449E+02  0.1748465E+03  0.7165133E+02
  0.4176283E+02  0.7864483E+02  0.1780184E+03  0.7101902E+02
  0.4147385E+02  0.8095245E+02  0.1911367E+03  0.7132774E+02
  0.4160860E+02  0.8025802E+02  0.1938099E+03  0.7080139E+02
  0.4161892E+02  0.8035811E+02  0.1903870E+03  0.7109397E+02
  0.4101534E+02  0.8175490E+02  0.1921655E+03  0.7161673E+02
  0.4136359E+02  0.8072399E+02  0.1923851E+03  0.7112940E+02
  0.4194640E+02  0.8051879E+02  0.1847823E+03  0.7157213E+02
  0.4186905E+02  0.8310013E+02  0.2030080E+03  0.7133599E+02
  0.4156814E+02  0.8384001E+02  0.2019379E+03  0.7167151E+02
  0.4196813E+02  0.8295032E+02  0.1958012E+03  0.7183031E+02
  0.4191249E+02  0.8231091E+02  0.2020108E+03  0.7111432E+02
  0.4145352E+02  0.8280644E+02  0.1971326E+03  0.7167467E+02
  0.4176203E+02  0.8328377E+02  0.2012128E+03  0.7153866E+02
  0.4111297E+02  0.8494777E+02  0.2051739E+03  0.7174724E+02
  0.4187998E+02  0.8499576E+02  0.2110470E+03  0.7129603E+02
  0.4158165E+02  0.8484251E+02  0.2056106E+03  0.7168432E+02
  0.4108427E+02  0.8488917E+02  0.2051784E+03  0.7173109E+02
  0.4133103E+02  0.8434431E+02  0.2050683E+03  0.7158488E+02
  0.4131824E+02  0.8448380E+02  0.2056802E+03  0.7157793E+02
  0.4112704E+02  0.8661400E+02  0.2114717E+03  0.7161602E+02
  0.4120690E+02  0.8593572E+02  0.2125073E+03  0.7140085E+02
  0.4162960E+02  0.8643114E+02  0.2128304E+03  0.7147337E+02
  0.4130495E+02  0.8693122E+02  0.2114633E+03  0.7167060E+02
  0.4113037E+02  0.8778034E+02  0.2133235E+03  0.7163804E+02
  0.4120609E+02  0.8739676E+02  0.2127444E+03  0.7163641E+02
  0.4168431E+02  0.8867478E+02  0.2153731E+03  0.7155421E+02
  0.4193509E+02  0.8820352E+02  0.2160015E+03  0.7146458E+02
  0.4107783E+02  0.8988170E+02  0.2151988E+03  0.7161413E+02
  0.4113523E+02  0.8886810E+02  0.2157405E+03  0.7153664E+02
  0.4139193E+02  0.8851340E+02  0.2152988E+03  0.7154840E+02
  0.4123578E+02  0.8972526E+02  0.2162489E+03  0.7152658E+02
  0.4147155E+02  0.9001640E+02  0.2163657E+03  0.7151899E+02
  0.4140262E+02  0.9000693E+02  0.2161158E+03  0.7153944E+02
  0.4130868E+02  0.9001858E+02  0.2159058E+03  0.7155662E+02
  0.4109783E+02  0.9000663E+02  0.2156156E+03  0.7158038E+02
  0.4177975E+02  0.9000668E+02  0.2152555E+03  0.7160985E+02
  0.4193769E+02  0.9001037E+02  0.2161476E+03  0.7153684E+02
  0.4108396E+02  0.9397320E+02  0.2126021E+03  0.7141229E+02
  0.4199161E+02  0.9266307E+02  0.2152183E+03  0.7142765E+02
  0.4131369E+02  0.9307514E+02  0.2149631E+03  0.7138689E+02
  0.4194620E+02  0.9263979E+02  0.2125597E+03  0.7164634E+02
  0.4156205E+02  0.9304223E+02  0.2115976E+03  0.7166402E+02
  0.4140078E+02  0.9322649E+02  0.2138251E+03  0.7145391E+02
  0.4180180E+02  0.9531859E+02  0.2099820E+03  0.7129604E+02
  0.4179489E+02  0.9551416E+02  0.2097855E+03  0.7125676E+02
  0.4115686E+02  0.9555347E+02  0.2077539E+03  0.7140464E+02
  0.4184860E+02  0.9519613E+02  0.2103778E+03  0.7129821E+02
  0.4154916E+02  0.9488739E+02  0.2048423E+03  0.7181702E+02
  0.4179151E+02  0.9563186E+02  0.2086754E+03  0.7130976E+02
  0.4147617E+02  0.9638983E+02  0.2040825E+03  0.7142987E+02
  0.4182183E+02  0.9668708E+02  0.1984576E+03  0.7176024E+02
  0.4113062E+02  0.9659750E+02  0.1953255E+03  0.7203252E+02
  0.4118438E+02  0.9772390E+02  0.1989953E+03  0.7132671E+02
  0.4145679E+02  0.9644670E+02  0.1961910E+03  0.7201908E+02
  0.4135576E+02  0.9767500E+02  0.2032832E+03  0.7102429E+02
  0.4140066E+02  0.9881428E+02  0.1900469E+03  0.7151576E+02
  0.4177073E+02  0.9958237E+02  0.1887901E+03  0.7123696E+02
  0.4159959E+02  0.9948434E+02  0.1862449E+03  0.7146664E+02
  0.4165541E+02  0.9827863E+02  0.1864395E+03  0.7202380E+02
  0.4175489E+02  0.9818138E+02  0.1906344E+03  0.7175759E+02
  0.4199155E+02  0.9968831E+02  0.1845527E+03  0.7148369E+02
  0.4157148E+02  0.1007069E+03  0.1742329E+03  0.7164663E+02
  0.4128190E+02  0.9989627E+02  0.1756699E+03  0.7199693E+02
  0.4179088E+02  0.1007810E+03  0.1802682E+03  0.7119608E+02
  0.4126824E+02  0.1003640E+03  0.1736436E+03  0.7188016E+02
  0.4178476E+02  0.1006908E+03  0.1763055E+03  0.7151557E+02
  0.4108823E+02  0.1011242E+03  0.1790641E+03  0.7108290E+02
  0.4162915E+02  0.1019670E+03  0.1545443E+03  0.7215122E+02
  0.4167076E+02  0.1019878E+03  0.1615808E+03  0.7169702E+